camera_matrix:
- - 6881.8748174366265
  - 0.0
  - 1557.2498645389983
- - 0.0
  - 6879.560540315327
  - 771.907844756169
- - 0.0
  - 0.0
  - 1.0
distortion_coefficients:
- - 0.015867549230155698
  - -0.3488248452860083
  - -0.0003696414093802973
  - 0.0020654794311435495
  - -0.12665353976861163
rotation_vectors:
- - - -0.24185506727705752
  - - -0.01100787968471035
  - - -0.02721490444525836
- - - -0.22186409675942012
  - - -0.005391803781548342
  - - -0.014652381548192612
- - - -0.05882397580245121
  - - -0.006172440321293164
  - - -0.05642436015640689
- - - -0.057675222744824874
  - - -0.0014069190251437165
  - - 0.07132253696590705
- - - -0.06265904989071867
  - - -0.005836058268693876
  - - -0.03311486153419383
- - - -0.07590827115595801
  - - -0.22576633232431112
  - - -0.07423736574407143
- - - -0.08257264266218099
  - - 0.4032754629774994
  - - 0.09564045476924589
- - - -0.2797299331467836
  - - -0.004329297242177241
  - - 0.0029744069063056874
- - - -0.06161163774248389
  - - -0.0006968370621746164
  - - 0.07888020022776124
- - - -0.06396524319375176
  - - -0.010971025538500576
  - - -0.30693063650580954
translation_vectors:
- - - -0.45253585517135864
  - - -0.16372294426375536
  - - 1.8371402202073444
- - - -0.2898012028733549
  - - -0.1663993741364151
  - - 1.8430114435485483
- - - -0.26758567053569016
  - - -0.04574297006931742
  - - 1.8452715959707127
- - - -0.4247123117195333
  - - -0.07675321535844618
  - - 1.846531186428362
- - - -0.23984542907277248
  - - -0.11160796813484945
  - - 1.8492676041937106
- - - -0.1317312408280264
  - - -0.11327159524022361
  - - 1.7123403202696823
- - - -0.39320172012947746
  - - -0.10145653643306521
  - - 1.8335876730643974
- - - -0.3870905112599258
  - - -0.10399744693931376
  - - 1.821160022994297
- - - -0.4071174656633167
  - - -0.1286043445475943
  - - 1.8500289440459807
- - - -0.30170407049596587
  - - -0.07451634084897006
  - - 1.8476067181197886
