camera_matrix:
- - 1381.695364527467
  - 0.0
  - 300.6288188495694
- - 0.0
  - 1378.4661801650118
  - 165.00246847849945
- - 0.0
  - 0.0
  - 1.0
distortion_coefficients:
- - -0.09810305684186511
  - 1.4090756575723968
  - -0.008269243047992295
  - -0.00026488719597687736
  - -12.454329264485539
rotation_vectors:
- - - -0.04666564373183075
  - - 0.01136655684171722
  - - -0.13884381624985437
- - - -0.04148031760439517
  - - 0.014462805299058778
  - - 0.02205519038626271
- - - -0.04461235675268866
  - - 0.010733617651398887
  - - -0.07554721200766114
- - - -0.03984722822807726
  - - 0.004692609935845944
  - - 0.06311380001251844
- - - -0.049952438674999364
  - - 0.007791348744714302
  - - -0.1220525848825837
- - - -0.4047496371964262
  - - -0.0018376610194939477
  - - -0.05045237160127017
- - - -0.030963034059183863
  - - 0.6114737577187406
  - - -0.033120439604715876
- - - 0.4590033537050816
  - - 0.014997818690856627
  - - -0.03504550810495788
- - - 0.4633373744330082
  - - 0.021295502385234415
  - - -0.07445941714931657
- - - -0.05991758205878947
  - - -0.451091125089815
  - - -0.04698000246774817
- - - -0.4357885301226248
  - - -0.01903576275733676
  - - -0.06668066624172983
translation_vectors:
- - - -0.39214480685072356
  - - -0.18220639487557005
  - - 1.8562266334038988
- - - -0.3832699822546555
  - - -0.0996525457709822
  - - 1.8533499740796793
- - - -0.30522587838519577
  - - -0.0686602157853786
  - - 1.8508945412502353
- - - -0.07810520976993066
  - - -0.088564135032369
  - - 1.8468565026560229
- - - -0.22077812274438888
  - - -0.18173648669626993
  - - 1.854067896237497
- - - -0.2549938368810122
  - - -0.20624720761723084
  - - 1.8254834678848175
- - - -0.4070584408421236
  - - -0.15480280513026112
  - - 1.8322202227594404
- - - -0.46587511806019305
  - - -0.030214830252452855
  - - 1.6398826594965186
- - - -0.046876474370733855
  - - -0.0392468462340769
  - - 1.630653681834859
- - - -0.12057483478797058
  - - -0.1337503273431302
  - - 1.5637830724407713
- - - -0.19179475206089286
  - - -0.15116931081156784
  - - 1.7906570567514934
