camera_matrix:
- - 6912.0235215711355
  - 0.0
  - 1554.5954544049227
- - 0.0
  - 6914.3362495365745
  - 808.225933385612
- - 0.0
  - 0.0
  - 1.0
distortion_coefficients:
- - -0.014335568199866703
  - 0.363092734980728
  - -0.0007825464281242048
  - 0.006151783296802054
  - -3.9939013668439047
rotation_vectors:
- - - -0.046540128070117044
  - - -0.004228259475688179
  - - -0.1390222621063699
- - - -0.04121893548768218
  - - 0.0017412457266131058
  - - 0.022606870600408505
- - - -0.04409973917404121
  - - -0.0007099188362179971
  - - -0.07500929929415644
- - - -0.04588119990757344
  - - -0.008665196106323114
  - - 0.06378722036532102
- - - -0.05166382078502354
  - - -0.007998176555277734
  - - -0.12183333355331671
- - - -0.40771541990555055
  - - -0.015257845720254334
  - - -0.05175216686277755
- - - -0.031042066574277383
  - - 0.6026182971163346
  - - -0.03420913739369174
- - - 0.4566139577766513
  - - 0.008708980786972435
  - - -0.033319901954151666
- - - 0.45920398224995346
  - - 0.015449183703339357
  - - -0.07245488528434824
- - - -0.06508358951583462
  - - -0.4594860530877459
  - - -0.046068916360354706
- - - -0.4383940703562577
  - - -0.030364790280967974
  - - -0.06767777976189655
translation_vectors:
- - - -0.4054372962178229
  - - -0.1769122284971082
  - - 1.8479159822102205
- - - -0.3962549387769601
  - - -0.09476773756821978
  - - 1.8451688911325552
- - - -0.31824630316864433
  - - -0.06365120783101377
  - - 1.8445932543603587
- - - -0.09096552456801425
  - - -0.08338603648626756
  - - 1.8439134187663955
- - - -0.23389608609094836
  - - -0.17648147011462
  - - 1.8478917617159123
- - - -0.2682096224931225
  - - -0.2013970846712169
  - - 1.8201994043410368
- - - -0.42066769829392825
  - - -0.14989410879688683
  - - 1.826604688933986
- - - -0.47748613881686697
  - - -0.02572598808884963
  - - 1.633209822503359
- - - -0.05830054903940751
  - - -0.03461266323383145
  - - 1.6303421572758834
- - - -0.1315863331720561
  - - -0.12945378105440286
  - - 1.5613049516299105
- - - -0.20460824337280697
  - - -0.1463318113791474
  - - 1.786520440730434
