camera_matrix:
- - 3356.1600382027077
  - 0.0
  - 233.7394820461884
- - 0.0
  - 3360.7841072572696
  - 319.731543210051
- - 0.0
  - 0.0
  - 1.0
distortion_coefficients:
- - -0.3749753762768391
  - -1.4096215364447475
  - -0.023700231587444852
  - 0.022997316508036297
  - -1.7276823129605925
rotation_vectors:
- - - -0.062197427008374356
  - - -0.00688242006469201
  - - 1.6040458363521963
- - - -0.062797881050122
  - - -0.005066247143554442
  - - 1.5941894855466971
- - - -0.06648920432048912
  - - -0.00261743346386118
  - - 1.5906849755936594
- - - -0.06625381280032927
  - - -0.0053523041912883285
  - - 1.5585737463319707
- - - -0.10535960436889116
  - - -0.021254647857410866
  - - 0.012074494136421064
- - - -0.07543265940682468
  - - -0.01548727896819781
  - - 0.008865651050246729
- - - -0.07769096219074331
  - - -0.015095128981037306
  - - -0.008581963765952532
translation_vectors:
- - - 0.2873836190738881
  - - -0.45089558210060676
  - - 4.520809358322548
- - - 0.3594633310189446
  - - -0.45611191374666604
  - - 4.521854590114401
- - - 0.4529936756815216
  - - -0.4603268742014792
  - - 4.52285103435159
- - - 0.5317877993534956
  - - -0.47715793410384005
  - - 4.5237990253402245
- - - 0.007956190209303906
  - - -0.4541642092474087
  - - 4.492021790012304
- - - -0.0019851148715273573
  - - -0.2978989721605744
  - - 4.508960079249909
- - - -0.10266456040046232
  - - -0.2932474012814016
  - - 4.507584243606672
