camera_matrix:
- - 6905.239399581453
  - 0.0
  - 1597.9660000369377
- - 0.0
  - 6897.631224222729
  - 886.3692223105112
- - 0.0
  - 0.0
  - 1.0
distortion_coefficients:
- - 0.023318622170977715
  - -0.2504675676834218
  - -0.0005838683646245186
  - -0.00040365487314109717
  - -0.17506703398269174
rotation_vectors:
- - - -0.030952864245285656
  - - 0.0008840854951155417
  - - -0.1887596760313198
- - - -0.030078039773975357
  - - 0.008331399923720024
  - - 0.17113633782715787
- - - -0.03246841910517503
  - - 0.008278602771202693
  - - -0.06937373734111678
- - - -0.02606236240352896
  - - 0.4239961049934893
  - - -0.0035935363548207947
- - - 0.27821873348795745
  - - -0.08676142882739299
  - - -0.06132158317054016
- - - 0.261941596132803
  - - 0.0001112521784653061
  - - 0.010773198429211418
- - - -0.029054984474892707
  - - -0.5049564329648235
  - - 0.03907494394405775
- - - -0.036614907611915666
  - - 0.007561269768741936
  - - 0.01618592080100944
- - - -0.030933888817167653
  - - 0.008373095921287248
  - - -0.054651949039365606
- - - -0.04324591091627997
  - - -0.025626934056112483
  - - -0.051560720496056554
translation_vectors:
- - - -0.12084059569992209
  - - -0.08407470167595146
  - - 1.8514260721017852
- - - -0.1224665989358191
  - - -0.11366916760278724
  - - 1.8538306080755471
- - - -0.30545342773262363
  - - -0.11021231351978221
  - - 1.8553972387682898
- - - -0.3785295603479851
  - - -0.21660727154740647
  - - 1.8415305581106027
- - - -0.39629573796175827
  - - 0.009373004191778589
  - - 1.6825110438176476
- - - -0.21154785988981473
  - - -0.055173102511483316
  - - 1.7336261919737255
- - - -0.0910414707739429
  - - -0.16290201871181048
  - - 1.5429834583536173
- - - -0.2191673562110863
  - - -0.22098846154226565
  - - 1.857634700185786
- - - -0.24630855748106284
  - - -0.06349224088339603
  - - 1.8540627851173577
- - - -0.31131116857646307
  - - -0.13008462726755718
  - - 1.8370361628573095
