camera_matrix:
- - 7058.923417978033
  - 0.0
  - 1523.553881129287
- - 0.0
  - 7063.822336428606
  - 1054.2614200121716
- - 0.0
  - 0.0
  - 1.0
distortion_coefficients:
- - -0.031846840349342924
  - -0.8888392911601275
  - -0.0011439470656963765
  - -0.00034454702397855407
  - 9.34117617801171
rotation_vectors:
- - - -0.022381444976638836
  - - 0.00024132654624925282
  - - -1.5639163296169782
- - - -0.02142743010081153
  - - 0.0005845749122668899
  - - -1.5911724190267142
- - - -0.021119822524685937
  - - -0.0001011437156220989
  - - -1.5708750201613129
- - - -0.023478328560389266
  - - 0.0035614320096994142
  - - -1.5556516822972537
- - - 0.40344184011548023
  - - -0.004578646298010285
  - - 0.06577420603303205
- - - 0.39439376162329276
  - - 0.01104879508984635
  - - -0.01496960452832605
- - - -0.02503030661570876
  - - -0.6148179085990174
  - - -0.03191202194727121
- - - -0.01007991154090956
  - - 0.004155891074367119
  - - 1.5661138644122268
- - - -0.0055781357164951485
  - - 0.00934962799050303
  - - 1.5779175645508148
- - - -0.008561987647980027
  - - 0.006646257825773227
  - - 1.5220976655509941
- - - -0.010496516597349993
  - - 0.004596961606291467
  - - 1.4713632055087813
translation_vectors:
- - - -0.3939943616647324
  - - 0.3173698984070423
  - - 1.8753968668083638
- - - -0.3556485873784403
  - - 0.3290259016505062
  - - 1.8752607707010567
- - - 0.0157729441131799
  - - 0.30362489964888906
  - - 1.8733855550857819
- - - -0.08738420370666547
  - - 0.30301783103146046
  - - 1.8751011517572198
- - - -0.3628318275093102
  - - -0.08395073592851873
  - - 1.7194813872662285
- - - -0.09251463246657388
  - - -0.10303529067787486
  - - 1.710474914390152
- - - 0.049788653054053444
  - - -0.1795281744520896
  - - 1.5081060123013652
- - - 0.4635902102334708
  - - -0.2966081620559221
  - - 1.8772981121632244
- - - -0.00798298179335855
  - - -0.2853474068864361
  - - 1.8802593825964622
- - - 0.13488951992464762
  - - -0.28716086255194906
  - - 1.879664272861874
- - - 0.4459270494670126
  - - -0.2975346993769085
  - - 1.8771410942606703
