camera_matrix:
- - 8706.280049596935
  - 0.0
  - 1593.5988617173384
- - 0.0
  - 8684.997720115663
  - 504.5063146162252
- - 0.0
  - 0.0
  - 1.0
distortion_coefficients:
- - -0.09118059565226104
  - 0.48095594445150247
  - -0.0065202916504720045
  - 0.0006218404009598897
  - -6.203830727607871
rotation_vectors:
- - - -0.12165992412713054
  - - -0.010101938755341369
  - - -0.02013000732222795
- - - -0.11858574654687776
  - - -0.008244718266467277
  - - -0.03546998358705184
- - - -0.12070415655897673
  - - -0.008644384235550466
  - - 0.011429079485148525
- - - -0.07430774219071241
  - - -0.003531271950789268
  - - -0.01600202806808285
- - - -0.07143652360460806
  - - -0.0029821639797501733
  - - 0.014760860883811986
- - - -0.06989131961642715
  - - -0.004435821819714724
  - - -0.008791752490406214
- - - -0.07147786717969065
  - - -0.007259266366298839
  - - -0.017588098785311288
- - - -0.10638804576129597
  - - -0.006654682184404463
  - - 0.01149499100234152
- - - -0.12253708962637927
  - - -0.008855712366578197
  - - -0.029210272911653883
- - - -0.0724393253489846
  - - -0.005099073020593518
  - - -0.03606320455334281
translation_vectors:
- - - -0.41672173208635943
  - - -0.1323402884446664
  - - 2.334960639294374
- - - -0.33819479432437854
  - - -0.116393907936047
  - - 2.334035691673541
- - - -0.20586857886288837
  - - -0.12439766588798412
  - - 2.334163847845467
- - - -0.22633772952659584
  - - -0.031384490445012576
  - - 2.332004935096959
- - - -0.20928491605248192
  - - -0.007104479398886841
  - - 2.330447534298998
- - - -0.3149075302702669
  - - 0.008569979267728133
  - - 2.3289294300290964
- - - -0.4291025901844854
  - - 0.014072818006182977
  - - 2.328217563090559
- - - -0.40939585962032427
  - - -0.05713248111290986
  - - 2.330219899450236
- - - -0.42279177075056323
  - - -0.10402470363563282
  - - 2.3318799387141413
- - - -0.33452140152100446
  - - -0.025697325426455964
  - - 2.331099029819179
