camera_matrix:
- - 7991.26781751391
  - 0.0
  - 1504.1571789867878
- - 0.0
  - 7994.822019023803
  - 927.3103101008159
- - 0.0
  - 0.0
  - 1.0
distortion_coefficients:
- - -0.08414253610654977
  - 0.9404359320351864
  - 0.0020578899985309153
  - 0.003428388908878382
  - -16.03483777199057
rotation_vectors:
- - - -0.01327548373394037
  - - 0.029804934690963278
  - - 0.0009377232378342191
- - - -0.016572397915031026
  - - 0.03051407872991663
  - - 0.00030210980644498615
- - - -0.01775704359659405
  - - 0.03606928263308118
  - - -0.0008092669719094962
- - - -0.0153061893878607
  - - 0.03666425811706256
  - - -0.00226806232579583
- - - -0.011189436809984679
  - - 0.03825689488503651
  - - -0.006274474266261593
- - - -0.010453105896736158
  - - 0.03110459543360675
  - - -0.0040321721192110895
translation_vectors:
- - - -0.3797888110455017
  - - -0.23328813108062577
  - - 2.109452954723087
- - - -0.2762711920517626
  - - -0.24220076174944946
  - - 2.1070689654841948
- - - -0.19701188015791782
  - - -0.23270407840191334
  - - 2.1071843399743835
- - - -0.19108906315682517
  - - -0.2344347763207527
  - - 2.106939980153814
- - - -0.20079722580352247
  - - -0.10883646998034675
  - - 2.1052099662686103
- - - -0.38581265008135246
  - - -0.11046336137059229
  - - 2.1078376199771127
