camera_matrix:
- - 6897.715057691808
  - 0.0
  - 1378.4802647108165
- - 0.0
  - 6900.664779660637
  - 1078.8270156116648
- - 0.0
  - 0.0
  - 1.0
distortion_coefficients:
- - 0.021552364439834992
  - -1.8638387362777737
  - 0.0018493923893985287
  - -0.00682710021550509
  - 15.472964938980803
rotation_vectors:
- - - -0.03614970999535011
  - - 0.025002819042488713
  - - -1.5997076094467295
- - - -0.03314092967908391
  - - 0.01633284031581403
  - - -1.5860536580402071
- - - -0.03928881851328083
  - - 0.022569361733202408
  - - -1.5155100189014075
- - - -0.038652280254583046
  - - 0.02547540308788478
  - - -1.5813980022820389
- - - -0.035655952479420286
  - - 0.018733881507312398
  - - -1.6202400822382845
- - - -0.031079881309864554
  - - 0.014397654422518419
  - - -1.6020127537137214
- - - 0.3093251842937392
  - - -0.38257534086243417
  - - -1.6011262402540878
- - - -0.44673179754776465
  - - 0.41816278023066594
  - - -1.4622585899368872
- - - -0.04156216020409863
  - - -1.083928856029006
  - - -2.9251325052688677
- - - 0.18741014815474094
  - - -0.7637717845685915
  - - 3.034366950729604
translation_vectors:
- - - -0.3708543701959733
  - - 0.31175006110507203
  - - 1.8429352760319715
- - - 0.04283982060395074
  - - 0.28057632073220584
  - - 1.83281316666494
- - - 0.12420149141512522
  - - 0.27643588790727824
  - - 1.832786300371565
- - - -0.403032575042471
  - - 0.28889136818666633
  - - 1.8437754668798578
- - - -0.2723673650774349
  - - 0.2895598953692576
  - - 1.8389954267515554
- - - -0.06133045063854902
  - - 0.31184481622157917
  - - 1.8336216998086239
- - - 0.07530565969847129
  - - 0.3182335251449367
  - - 1.5791382146072697
- - - -0.35969212113518423
  - - 0.30214885415917486
  - - 1.7844804682734703
- - - 0.3432653037878452
  - - 0.1451134247365996
  - - 1.476714022037529
- - - 0.32118557522106683
  - - 0.2771170234629029
  - - 1.640371868083246
