camera_matrix:
- - 27248.56524152465
  - 0.0
  - 1043.1512420489753
- - 0.0
  - 27357.194847497078
  - 1838.542060580924
- - 0.0
  - 0.0
  - 1.0
distortion_coefficients:
- - -0.7007738400572044
  - 41.16832667528763
  - 0.019252032204723088
  - 0.017015289484467386
  - -0.7817887046045449
rotation_vectors:
- - - 0.041532368592074285
  - - 0.043222010856242554
  - - 3.0965055798209087
- - - -0.01682119980348789
  - - 0.08823799234634234
  - - 3.1268112901763323
- - - 0.06105531060974047
  - - 0.030739357520326586
  - - -3.087731847542641
- - - -0.024172909467916157
  - - -0.1201735744061898
  - - 3.100939462237515
- - - 0.0075434228485384645
  - - -0.14859345785381783
  - - 3.0990919716147225
- - - 0.03903333291380957
  - - -0.13054950834356047
  - - 3.0777475365381437
- - - -0.02538362312045874
  - - 0.06991131920951912
  - - -3.085214220203237
- - - 0.015432163427342067
  - - -0.08182494969545352
  - - 3.110658761319454
- - - 0.019719524399728815
  - - 0.0437364085963853
  - - -3.132452152395857
- - - -0.0246103603148035
  - - -0.06125700391046845
  - - 3.1293433734231155
- - - 0.05988625648548403
  - - -0.03051509073764496
  - - -3.1076685953855767
- - - -0.0237260102408204
  - - 0.12287031934388257
  - - -3.103425719341103
- - - 0.003999626324875776
  - - -0.13006568596330167
  - - 3.1047282039529516
- - - 0.04023718430531669
  - - 0.026825796280215006
  - - -3.123761956764936
- - - -0.04060399361125546
  - - -0.0029511366794055796
  - - -3.0801553068949383
- - - 0.015910770193172878
  - - 0.002390160473041388
  - - 3.095818022748194
translation_vectors:
- - - 0.32650736113254086
  - - -0.12990692471284498
  - - 7.204710435203827
- - - 0.6022978975467975
  - - -0.11307111234323837
  - - 7.200129633148135
- - - 0.7942988680846681
  - - 0.059623784284203715
  - - 7.249877981915924
- - - 0.7361897733343806
  - - 0.13678180153009606
  - - 7.257047012829285
- - - 0.484787713000508
  - - 0.15534596280953472
  - - 7.25330106239144
- - - 0.2607753687277521
  - - 0.0910403473683064
  - - 7.24041203240092
- - - 0.2825619163892928
  - - -0.0014785018363189966
  - - 7.230295717179567
- - - 0.4280085557854001
  - - -0.004933209807106685
  - - 7.233027420237084
- - - 0.6124926026153981
  - - -0.0021467508186082127
  - - 7.236912819587667
- - - 0.7580804787498328
  - - 0.07382005785014352
  - - 7.247541402337296
- - - 0.7731444597068431
  - - -0.09472511298624645
  - - 7.2362865237877845
- - - 0.31074851279639154
  - - 0.10167847021887949
  - - 7.242114829261821
- - - 0.49216031500045593
  - - 0.09794302466965793
  - - 7.2476187366841245
- - - 0.7470167854454167
  - - 0.0006540458497407137
  - - 7.241168376817809
- - - 0.26915560725999366
  - - -0.05159799330713351
  - - 7.213009283750772
- - - 0.46355224726255306
  - - -0.09661734914959275
  - - 7.218365812697353
