camera_matrix:
- - 42697.30531678255
  - 0.0
  - 1393.4379079184264
- - 0.0
  - 43632.6334954394
  - 1308.9999794906478
- - 0.0
  - 0.0
  - 1.0
distortion_coefficients:
- - -1.3042628051731835
  - -875.1742677609352
  - -0.06596418287849554
  - 0.01667844163684644
  - -1.3599907521295944
rotation_vectors:
- - - -0.151265340084791
  - - 0.15398501852284646
  - - 1.5671346754675402
- - - -0.15257090528293973
  - - 0.15162186558541751
  - - 1.5513627736091282
- - - -0.1561637300488627
  - - 0.14735775627251232
  - - 1.5268010694151657
- - - -0.15485334577826973
  - - 0.15130330961407934
  - - 1.5810252923172987
- - - -0.2204315906895781
  - - -0.00041172914913390076
  - - 0.0029248308055498267
- - - -0.22056259169191342
  - - -0.0035068739342918624
  - - -0.03194354232093411
- - - -0.2218643795208284
  - - -0.0011804071926490099
  - - 0.005728255740595853
- - - -0.22196752106779563
  - - -0.006237008526256677
  - - 0.004248322601809567
- - - -0.21868131136826272
  - - 0.0005798088060897837
  - - 0.030757294270516006
- - - -0.21830111162697297
  - - 0.002013200632141612
  - - 0.03459068059272689
- - - -0.2184319857199925
  - - 0.0012386483726292545
  - - 0.015846582761214183
- - - -0.21834346798843474
  - - 0.0027558377129079416
  - - 0.02754389344027481
translation_vectors:
- - - 0.028944415485427002
  - - -0.37604262294758356
  - - 11.45979934449067
- - - 0.07389025801417073
  - - -0.3803790970173351
  - - 11.461146879074217
- - - 0.15983890575439252
  - - -0.39000542581102265
  - - 11.461643279095785
- - - 0.3734602906949619
  - - -0.36004499760057707
  - - 11.45083900635126
- - - -0.37314312722351234
  - - -0.32249971773317365
  - - 11.419641950275118
- - - -0.32512127471726693
  - - -0.3255244516742647
  - - 11.420018154293906
- - - -0.22591448513292933
  - - -0.34605226313228993
  - - 11.421268508779134
- - - -0.15042012468091676
  - - -0.32774400065261367
  - - 11.389128387088888
- - - -0.16878337622480258
  - - -0.2163737795973827
  - - 11.399295303246477
- - - -0.26491881293007635
  - - -0.20141641401758936
  - - 11.401138768879415
- - - -0.3536697090852281
  - - -0.20337279466566485
  - - 11.402751367799361
- - - -0.3583002464359801
  - - -0.20713338197463754
  - - 11.403753783806192
