camera_matrix:
- - 3333.1609635792506
  - 0.0
  - 292.55487614040413
- - 0.0
  - 3334.4180694703487
  - 272.375287275933
- - 0.0
  - 0.0
  - 1.0
distortion_coefficients:
- - -0.29647891126671333
  - 16.794463420704204
  - 0.01822544136305745
  - 0.009218122641666207
  - 0.1934247272072006
rotation_vectors:
- - - 0.0010903917680134731
  - - 0.002810225459396339
  - - 3.1126631197192545
- - - 0.010682013607896099
  - - -0.02333398836187596
  - - -3.0999134930467336
- - - 0.029097704584310678
  - - 0.04234368503347619
  - - -3.0853970070962853
- - - 0.010443210751521128
  - - -0.12623303198211247
  - - 2.9527445984996157
- - - 0.03692769478121797
  - - -0.08718718160653922
  - - 2.8263246356519605
- - - 0.021309950773442835
  - - 0.08050744326952304
  - - 3.104447605748622
- - - 0.00043307836146308
  - - -0.0959973120338333
  - - -3.0472004897149314
- - - 0.02778915984100103
  - - 0.08753207995218842
  - - -3.1286572600740454
- - - 0.011567350056187831
  - - -0.14037229683546731
  - - 3.0641852552624336
- - - -0.009405213847445986
  - - -0.0031153062977085427
  - - -3.1391597903738404
- - - 0.003230726089269225
  - - 0.07529694228555724
  - - 3.1297879661351766
- - - 0.041415000074236215
  - - -0.03358277703608551
  - - -3.043839889312343
- - - 6.385130076428275e-05
  - - -0.056363299519509295
  - - 3.110059660377044
- - - 0.02147479714983675
  - - 0.04656884639582546
  - - -3.123653449667282
translation_vectors:
- - - 0.1656990614496587
  - - 0.002200813277052355
  - - 4.409845905195253
- - - 0.45333454654046085
  - - 0.03041551403180271
  - - 4.411619999048732
- - - 0.5980041305238984
  - - 0.2114360454435735
  - - 4.429287698458162
- - - 0.38879428258208776
  - - 0.22781571671758166
  - - 4.4286872622235745
- - - 0.1660364841770876
  - - 0.18779708724847957
  - - 4.419626670595968
- - - 0.11310256159588913
  - - 0.0033959668856395225
  - - 4.383825556732167
- - - 0.4319273238910382
  - - 0.048938172548411804
  - - 4.38864043367098
- - - 0.5179533974572845
  - - 0.22907922665991864
  - - 4.433485452313774
- - - 0.2931500769314972
  - - 0.3191987457263177
  - - 4.4353986229182585
- - - 0.12108773630370057
  - - 0.047435915977388214
  - - 4.406522169510155
- - - 0.37485446916218135
  - - 0.019723008299609195
  - - 4.393384433557203
- - - 0.6042606174062897
  - - 0.08698109486682185
  - - 4.414177097995159
- - - 0.34603557094378334
  - - 0.15601028980430537
  - - 4.419026065796944
- - - 0.5004357011056417
  - - 0.2002962429371803
  - - 4.426133337577626
