camera_matrix:
- - 1296.3658790214488
  - 0.0
  - 316.1012571627082
- - 0.0
  - 1292.5934269207833
  - 177.3804897857901
- - 0.0
  - 0.0
  - 1.0
distortion_coefficients:
- - -0.09337199251501974
  - 1.8606254860928038
  - -0.008126822837778153
  - 0.00014203910581606633
  - -17.84886645052796
rotation_vectors:
- - - -0.09030279014873724
  - - -0.004810648424763321
  - - -0.0356955430792472
- - - -0.05583500476126552
  - - -0.0018662261708222324
  - - -0.016124851935904932
- - - -0.05326831195104174
  - - -0.001541439900144105
  - - -0.009060595464656727
- - - -0.056897297853546955
  - - -0.0027214812796015793
  - - -0.017875304739290266
- - - -0.05339533445466236
  - - -0.0009234338027789789
  - - -0.03620361342947119
translation_vectors:
- - - -0.33516563475714906
  - - -0.21927789608510578
  - - 1.740286731282781
- - - -0.22334794254246157
  - - -0.134391032382587
  - - 1.7381687398380807
- - - -0.3119051540374777
  - - -0.0943499202455916
  - - 1.7364487907894135
- - - -0.4261047111171109
  - - -0.08884475021581886
  - - 1.7366964391742317
- - - -0.33150218117351443
  - - -0.12868777486320288
  - - 1.7379536710085601
