camera_matrix:
- - 1415.461753117263
  - 0.0
  - 301.7349315583115
- - 0.0
  - 1410.805075742792
  - 156.85923333832093
- - 0.0
  - 0.0
  - 1.0
distortion_coefficients:
- - -0.07283128043001769
  - 1.005259242392305
  - -0.0067144081546132335
  - -0.0002343292321394346
  - -11.344889633115903
rotation_vectors:
- - - -0.07360224852777586
  - - -0.02198005022612766
  - - -0.01435397844087383
- - - -0.05808538673143818
  - - -0.019420784429818247
  - - -0.06513605654563692
- - - -0.0467325907528282
  - - -0.011266069798432022
  - - -0.01748744113819306
- - - -0.04600198399466887
  - - -0.011901792057685576
  - - -0.004906612677112912
- - - -0.04614038724803714
  - - -0.010455071854589767
  - - -0.004117182457046944
- - - -0.06949317994919975
  - - -0.02329913033123767
  - - 0.020970924695313958
- - - -0.07123363914663962
  - - -0.021803743596258498
  - - 0.01638042411924881
- - - -0.0702381061678246
  - - -0.02284857065089287
  - - 0.005591223985827485
- - - -0.07088506294033599
  - - -0.019746303385203078
  - - 0.0004979063338534865
translation_vectors:
- - - -0.4067805492294227
  - - -0.2136743375597299
  - - 1.8949647284900686
- - - -0.4355033675489576
  - - -0.10430055898976504
  - - 1.8907927984346176
- - - -0.40861748608870785
  - - -0.07299043356299509
  - - 1.893819663487209
- - - -0.3193810779113556
  - - -0.07192256801981492
  - - 1.8943494372739769
- - - -0.2368998429364348
  - - -0.08447462678451068
  - - 1.8963480546565066
- - - -0.18428044355873585
  - - -0.2048311432691475
  - - 1.8954742400025375
- - - -0.24245184365675634
  - - -0.1988030502424111
  - - 1.895205845771745
- - - -0.30779244923522703
  - - -0.20042116946587193
  - - 1.894406495276807
- - - -0.3842105633613307
  - - -0.2001056444206639
  - - 1.8952432028486328
