camera_matrix:
- - 5194.174533831867
  - 0.0
  - 253.54054778115855
- - 0.0
  - 5202.497496858673
  - 375.0531831277617
- - 0.0
  - 0.0
  - 1.0
distortion_coefficients:
- - -0.7953761855251776
  - 73.48640925105411
  - 0.015236570382059804
  - 0.00949978456649039
  - 0.27014186557433567
rotation_vectors:
- - - 0.017309804428881772
  - - -0.024637215673095
  - - 3.1053157904499833
- - - -0.029258689928767387
  - - 0.0903782773587755
  - - -3.1016552262287567
- - - 0.05003394643840111
  - - 0.024111070933872842
  - - 3.063989626915544
- - - -0.0014785368878484308
  - - 0.0019227212032702213
  - - -3.0427929591762064
- - - -0.021207219152689267
  - - -0.078713099606406
  - - 3.0847662012152792
- - - 0.05479363812166868
  - - 0.029572634251998305
  - - -3.1302619244646848
- - - 0.07158767737826921
  - - -0.045289947377316064
  - - 3.0258538232313503
- - - 0.0485207868018803
  - - 0.010897062662882328
  - - 2.9447335799453582
- - - 0.04474942180118495
  - - -0.07020571875841307
  - - 2.8082375996059614
- - - -0.010862703842300479
  - - -0.14697762465591319
  - - 3.0047186140745494
- - - 0.006785433625285292
  - - -0.06498645085948325
  - - 2.8267802162976117
- - - 0.06170345221645232
  - - 0.04396670465907886
  - - 3.0178586776828675
- - - -0.0015672600652067148
  - - -0.009205442512358084
  - - 3.1369558039293874
translation_vectors:
- - - 0.3439504505942652
  - - 0.013884386124658865
  - - 6.878042463062471
- - - 0.1263107761818624
  - - 0.08490957169557511
  - - 6.88951716097214
- - - 0.14382427225149375
  - - -0.12193932727355364
  - - 6.8673600317336225
- - - 0.38603396994403416
  - - -0.038809739523812566
  - - 6.878144250738919
- - - 0.533956474415314
  - - 0.0633606998051199
  - - 6.8958517891041735
- - - 0.6525348296899253
  - - -0.08492820209791292
  - - 6.875586546476886
- - - 0.38138174040446154
  - - -0.08640961165145304
  - - 6.853293325986896
- - - 0.15471646248002732
  - - -0.13263422960645213
  - - 6.870331705637909
- - - 0.2194792081628007
  - - 0.010229767232184935
  - - 6.882491152445346
- - - 0.5363975514485967
  - - 0.13448521782701342
  - - 6.9026403952511
- - - 0.582585734338848
  - - -0.1416615139817398
  - - 6.870909781429612
- - - 0.1414179506995287
  - - -0.15895407565095118
  - - 6.864217219290325
- - - 0.36620166184758723
  - - -0.024188442434469624
  - - 6.8794660788276945
