camera_matrix:
- - 22715.911888258077
  - 0.0
  - 1268.1356567208445
- - 0.0
  - 22769.858654757893
  - 1756.7658119117152
- - 0.0
  - 0.0
  - 1.0
distortion_coefficients:
- - -0.6437663824411333
  - 50.83476582318321
  - 0.014779836930062391
  - 0.009075274681389148
  - 0.1447027670838799
rotation_vectors:
- - - 0.01333929180998296
  - - -0.026466571597429704
  - - 3.1053227952761686
- - - 0.040336408142796064
  - - 0.019065361982440302
  - - 3.0640180590759982
- - - -0.0017024632696367099
  - - 0.000835624269495603
  - - -3.0426302307210986
- - - -0.005765465975803687
  - - -0.0739382342457733
  - - 3.08534472527763
- - - 0.05657347234570278
  - - 0.02942259808137378
  - - -3.129802462264765
- - - 0.07418748449242495
  - - -0.057583637828523944
  - - 3.025623484492333
- - - 0.04874254382420373
  - - 0.011159909084406106
  - - 2.944802214056497
- - - 0.04142944491578405
  - - -0.08424462076543525
  - - 2.80821338602433
- - - -0.0030492218418201513
  - - -0.14130156734912167
  - - 3.0050765719468626
- - - 0.015148528798279465
  - - -0.05502826708072271
  - - 2.8271538855956746
- - - 0.05017601177545631
  - - 0.032653122589710044
  - - 3.017812056073723
- - - 0.00423047116691901
  - - -0.013772278644626577
  - - 3.137099874700808
translation_vectors:
- - - 0.34425930310652936
  - - 0.04616446994156238
  - - 6.0139370026846635
- - - 0.14411081776941004
  - - -0.08968596197402359
  - - 6.006424218719468
- - - 0.38640634384436673
  - - -0.006505561186270856
  - - 6.013667639491147
- - - 0.5342991320851511
  - - 0.09586577191304102
  - - 6.027998720755504
- - - 0.6527900302806993
  - - -0.052579288688914816
  - - 6.013959892223481
- - - 0.38169872830353513
  - - -0.054034171165980374
  - - 5.991045989024955
- - - 0.15511678470416132
  - - -0.10007607911723221
  - - 6.004839424467332
- - - 0.21978066837139748
  - - 0.04260725165634068
  - - 6.01902834981356
- - - 0.5368502416245672
  - - 0.1670191524864134
  - - 6.0364838518688035
- - - 0.5829838368873437
  - - -0.10920369693283973
  - - 6.005668239632792
- - - 0.14188101516010734
  - - -0.12661563004882379
  - - 6.00362818373336
- - - 0.3664408050091096
  - - 0.008079674860024437
  - - 6.014333314146695
