camera_matrix:
- - 14299.694509826502
  - 0.0
  - 1831.9186249776187
- - 0.0
  - 14310.775982025134
  - 1670.5721146284616
- - 0.0
  - 0.0
  - 1.0
distortion_coefficients:
- - -0.22157227288378303
  - 9.937339695438034
  - 0.006542341225575621
  - 0.0034204633304422364
  - -260.30854745810655
rotation_vectors:
- - - 0.03698110978976042
  - - -0.007993772983308837
  - - -3.079694983084572
- - - 0.0684110258122543
  - - 0.07685428388093718
  - - -3.088664369938082
- - - -0.10149905881249743
  - - 0.014496911250352388
  - - 3.065499779025343
- - - -0.07654827144450325
  - - -0.054672547293193666
  - - 3.1191912457205464
- - - -0.04938519374825102
  - - 0.03755819762859954
  - - 3.0369577977508033
- - - -0.04612271596393212
  - - -0.01439119280840512
  - - 3.1188822634929894
- - - 0.0899007717052536
  - - -0.02697510131349707
  - - -3.039386573830394
- - - -0.06160450890018693
  - - -0.030882670191367187
  - - 3.085182724387685
- - - 0.15772053290218246
  - - 0.010988475088157014
  - - -2.9943233943414636
- - - 0.09762341177933623
  - - 0.0073113771629135385
  - - -3.0228014614663326
- - - -0.0603557802728694
  - - 0.019972040706300355
  - - 2.937329204680834
- - - 0.13614782736963008
  - - 0.019366533263427115
  - - -3.0171941601535113
- - - 0.05107757166958675
  - - 0.029701252753690767
  - - -3.115545984249892
translation_vectors:
- - - 0.05494482826958648
  - - -0.04140543215704506
  - - 3.791403096516713
- - - 0.2567992424953466
  - - 0.164990293556297
  - - 3.819734336600398
- - - 0.3388898883132049
  - - -0.08935319098945753
  - - 3.8145031906692703
- - - 0.34338945250821645
  - - 0.12634824510304168
  - - 3.8216702790148123
- - - 0.13480617590091565
  - - -0.1901920515876286
  - - 3.796615435737818
- - - 0.010012362430897235
  - - 0.07782735442614634
  - - 3.793820305545692
- - - 0.25626754446291317
  - - -0.03930223962631102
  - - 3.806340704576309
- - - 0.23286226178531233
  - - 0.0865718335259353
  - - 3.808036091860811
- - - 0.38545927189925944
  - - 0.09825783445822009
  - - 3.829793536330456
- - - 0.21721587325748473
  - - 0.08615711672064558
  - - 3.8072068759530824
- - - 0.17811655973249535
  - - -0.11070842163702127
  - - 3.795922742951456
- - - 0.3832637428211945
  - - 0.12609762288484802
  - - 3.8291770873283015
- - - 0.12775775590802932
  - - 0.12617556896430454
  - - 3.8021276113218447
