camera_matrix:
- - 17148.465598194583
  - 0.0
  - 1431.8434159954747
- - 0.0
  - 17183.96410230726
  - 1412.948091745793
- - 0.0
  - 0.0
  - 1.0
distortion_coefficients:
- - -0.3013192133266034
  - 18.551301355531475
  - 0.02025724021829168
  - 0.008978152283201346
  - 0.6890201770372422
rotation_vectors:
- - - 0.009981136541951815
  - - -0.0036709739544556154
  - - 3.112864281871095
- - - 0.00964589273989021
  - - -0.02674656203961731
  - - -3.0997953008314436
- - - 0.028109986853615588
  - - 0.047860617740991776
  - - -3.0850084338862485
- - - 0.011920862299257895
  - - -0.11988074004143595
  - - 2.9529775022116023
- - - 0.03393798256588741
  - - -0.1065153627540336
  - - 2.8262922657164586
- - - 0.02053699421844584
  - - 0.07555240284231042
  - - 3.104653428966588
- - - 0.0003380985575118863
  - - -0.09474893190206654
  - - -3.047074857425951
- - - 0.014663730629560043
  - - 0.08853105437226741
  - - -3.1288099582275755
- - - 0.018941164784910047
  - - -0.14403228667659557
  - - 3.0639869797796284
- - - 0.023949232783158976
  - - -0.11562602797894418
  - - 3.1034141886855777
- - - -0.01927392063059751
  - - 0.006472924628643454
  - - -3.1386303710578582
- - - 0.0038018953030180304
  - - 0.0747405840647043
  - - 3.129957868733861
- - - 0.03523129004432304
  - - -0.032341123997561824
  - - -3.0437620357531583
- - - 0.003944459991506387
  - - -0.06190876797458994
  - - 3.110002448428545
- - - 0.012474821683868443
  - - 0.06312698091269668
  - - -3.1234112146907282
translation_vectors:
- - - 0.1742512915504227
  - - -0.010431828753848004
  - - 4.534128685884432
- - - 0.4619974954171588
  - - 0.0177313877789289
  - - 4.534939213816668
- - - 0.60672843763643
  - - 0.19870933130484128
  - - 4.555587821286865
- - - 0.3976459669644151
  - - 0.21531983791553497
  - - 4.5548576682460515
- - - 0.1746120994347272
  - - 0.17508181559105246
  - - 4.548543083036154
- - - 0.12168724434360066
  - - -0.009214723070468138
  - - 4.5092928000427595
- - - 0.4405850085132555
  - - 0.036340825413985645
  - - 4.512071215110795
- - - 0.5267884494515644
  - - 0.21631884132394336
  - - 4.557792950699162
- - - 0.30182380056127533
  - - 0.3064493248246839
  - - 4.560694543597318
- - - 0.10992462418913665
  - - 0.22594495023639447
  - - 4.552457406420212
- - - 0.12954579575687816
  - - 0.03485963655426154
  - - 4.5309624656503935
- - - 0.3834435246924001
  - - 0.007068851042601032
  - - 4.517681965772532
- - - 0.6130540390819906
  - - 0.07424454853833139
  - - 4.538183535183557
- - - 0.3546810152779083
  - - 0.14328487395892334
  - - 4.5441933756972395
- - - 0.5091682789203441
  - - 0.18742262480408511
  - - 4.5519918165736994
