camera_matrix:
- - 1383.1050046275502
  - 0.0
  - 310.1045373949173
- - 0.0
  - 1383.1445613437334
  - 234.76169873986527
- - 0.0
  - 0.0
  - 1.0
distortion_coefficients:
- - -0.09323916059169463
  - 1.5453344194310665
  - 0.004344911164088073
  - 0.003493382453591906
  - -14.657622711655423
rotation_vectors:
- - - -0.03315784742245848
  - - 0.7160205548154337
  - - 3.0535498027424817
- - - -0.040014315968075684
  - - 0.7591082197554601
  - - 3.03714960952565
- - - -0.7723452426135429
  - - 0.03126165626668101
  - - 2.933996831494172
- - - 0.4691699682494234
  - - 0.46505354047642516
  - - 1.5692849550270485
- - - 0.14670938120967889
  - - 0.21385243859588324
  - - 1.5130668756653542
- - - 0.03745992064220287
  - - 0.6286085268763456
  - - -3.030749957411557
- - - -0.0026862743813287674
  - - -0.682061212615281
  - - 3.006564774689378
- - - -0.01490838225047557
  - - -0.0267526109356884
  - - 1.576778751649293
- - - -0.01793315058603015
  - - -0.027685850344185543
  - - 1.5518762565234008
- - - -0.040959443718162326
  - - -0.05768172797082821
  - - 1.4656388544355752
translation_vectors:
- - - 0.2253680737601288
  - - 0.10396240329404026
  - - 1.6219209935022345
- - - 0.4416049269351888
  - - 0.06705463642632584
  - - 1.6301948257591587
- - - 0.3815895452101642
  - - 0.14644293611371662
  - - 1.839645770674725
- - - -0.01875418474929758
  - - -0.3219134821537583
  - - 1.522143291404132
- - - -0.08612444323114013
  - - -0.32096664271788067
  - - 1.704443843127182
- - - 0.1844918425709276
  - - 0.2082654340956284
  - - 1.8263386646284716
- - - 0.500508673753273
  - - 0.16013107510418736
  - - 1.8077333310181467
- - - -0.010796038552361284
  - - -0.3063087763105346
  - - 1.8394217166609363
- - - 0.1812954313173227
  - - -0.31363189379719325
  - - 1.8433461025198838
- - - 0.4063180893780232
  - - -0.3519697287701946
  - - 1.8553078662539515
