camera_matrix:
- - 6881.816730806379
  - 0.0
  - 1532.5331365483305
- - 0.0
  - 6859.133509734198
  - 874.2529212171048
- - 0.0
  - 0.0
  - 1.0
distortion_coefficients:
- - -0.01633372780949548
  - 0.9277076688596426
  - -0.003337106225611674
  - -0.00036461682041336784
  - -5.711633433237208
rotation_vectors:
- - - -0.03836590456229017
  - - 0.003384367448993225
  - - 0.13165780035061508
- - - -0.033463111567281954
  - - 0.002872939294465541
  - - -0.03138403014809431
- - - -0.03421838894436546
  - - -0.002421573325767731
  - - -0.07320544424318393
- - - -0.038074192825365845
  - - 0.002386190800050792
  - - -0.015635452694960857
- - - -0.042728175262505316
  - - -0.5543784614439041
  - - -0.018347481196330995
- - - -0.20623252565679298
  - - 0.007769119235577523
  - - 0.07390596890966149
- - - -0.2302348153145449
  - - 0.00026561556601188875
  - - -0.00403549288946838
- - - 0.19755502195486446
  - - 0.004781366911883798
  - - 0.03303257789237369
- - - 0.14626159972658606
  - - 0.008126122683864331
  - - -0.03951951516806973
- - - -0.39958048803385954
  - - 0.0001089403199923556
  - - 0.015588445338258478
- - - -0.03517295521948707
  - - 0.001778182456860598
  - - -0.03456254318736533
- - - -0.036155205461553125
  - - 0.001075209558358873
  - - -0.03824453209070616
- - - -0.03217732301462185
  - - 0.004813373985335148
  - - 0.08440061017756025
- - - -0.035191877595246834
  - - 0.0012915778792614518
  - - 0.03107648514058334
translation_vectors:
- - - -0.22906137100185994
  - - -0.2385811194346808
  - - 1.8536644402322218
- - - -0.29515763249335625
  - - -0.06183303142858804
  - - 1.8490745941758298
- - - -0.16168762967448733
  - - -0.09176475669345949
  - - 1.847903420375204
- - - -0.17524426062509035
  - - -0.2364662844494162
  - - 1.8536060672466725
- - - -0.0992810225328168
  - - -0.10915861244115564
  - - 1.5110016949224405
- - - -0.19272061981737784
  - - -0.1957234988904885
  - - 1.8363128433657618
- - - -0.4221426693523992
  - - -0.2277266118659869
  - - 1.8404813686996386
- - - -0.3803200243596285
  - - -0.11649897718637003
  - - 1.7444698780561623
- - - -0.10684044388697958
  - - -0.07524486892105446
  - - 1.773132164715109
- - - -0.09889172545089941
  - - -0.1582253142180252
  - - 1.8043800101765384
- - - -0.23757541241733213
  - - -0.09605013146676994
  - - 1.8495985408469011
- - - -0.40369140524981595
  - - -0.1854903493634748
  - - 1.8519708371229333
- - - -0.3803583686097021
  - - -0.12417465563487697
  - - 1.8506951189613745
- - - -0.04328388670214692
  - - -0.1922979497901751
  - - 1.8509799810773313
