camera_matrix:
- - 6932.963145542738
  - 0.0
  - 1555.2231670684941
- - 0.0
  - 6936.754517190177
  - 1178.5093694809602
- - 0.0
  - 0.0
  - 1.0
distortion_coefficients:
- - -0.07012443929382003
  - 0.7170542818901099
  - 0.004605770532038637
  - 0.00412527860350878
  - -6.070055839787114
rotation_vectors:
- - - -0.034718771460035894
  - - 0.7151158480458633
  - - 3.053959236453223
- - - -0.04131189405316774
  - - 0.758365509934107
  - - 3.0374595674348033
- - - -0.7746376410775235
  - - 0.030280457977519527
  - - 2.9334054540253005
- - - 0.469632063296643
  - - 0.4636373054710191
  - - 1.569126243687842
- - - 0.14694824642371704
  - - 0.21134455695377485
  - - 1.5132402481860898
- - - 0.03781857374968146
  - - 0.6283497384115472
  - - -3.030594622987306
- - - -0.0044832623293165124
  - - -0.6808945151495498
  - - 3.007094177618318
- - - -0.01447624338872667
  - - -0.030472555120897974
  - - 1.5767563311041712
- - - -0.018577247975244356
  - - -0.03148432314195223
  - - 1.5517532266180805
- - - -0.042074658101424724
  - - -0.0614351786305729
  - - 1.4651172694804555
translation_vectors:
- - - 0.22464021614588153
  - - 0.10361012374976063
  - - 1.625450527297603
- - - 0.4409529502605377
  - - 0.06666120956947305
  - - 1.6345002220605187
- - - 0.3806076891947091
  - - 0.1459364033520753
  - - 1.8431677706834748
- - - -0.01941571779290352
  - - -0.322390459001068
  - - 1.5244530242606573
- - - -0.08684178476848452
  - - -0.3214734427188627
  - - 1.7070679686216779
- - - 0.18370872645928132
  - - 0.20777314399533092
  - - 1.829776332497163
- - - 0.49973327279057483
  - - 0.15968502088391778
  - - 1.8122051131726902
- - - -0.011566347018475639
  - - -0.3069542024678621
  - - 1.8423162662951584
- - - 0.18052464905539548
  - - -0.3142458000309511
  - - 1.8466608988090711
- - - 0.4052972210411427
  - - -0.3526187078802361
  - - 1.8588678863872725
