camera_matrix:
- - 10057.244445851778
  - 0.0
  - 1505.1617730714393
- - 0.0
  - 10063.383033663487
  - 615.4073563163242
- - 0.0
  - 0.0
  - 1.0
distortion_coefficients:
- - -0.18349538211741015
  - 5.716599030622739
  - -0.011134433045549393
  - -0.001665272098963539
  - -87.60625523386734
rotation_vectors:
- - - -0.0913078557121265
  - - 0.0029854833478465117
  - - 0.0040863796176795085
- - - -0.09402485563143632
  - - 0.0025500185138375552
  - - -0.00504717349288376
- - - -0.09393979974597871
  - - -0.00010265516750611637
  - - -0.013002873566200689
- - - -0.09430525415132762
  - - -0.001082755826519662
  - - -0.0076369890834219545
- - - -0.09381736829767552
  - - -0.002909743411068174
  - - -0.013984041832277062
- - - -0.09398515489439789
  - - -0.0036903363841035877
  - - -0.012198042311865491
- - - -0.09156789143093054
  - - -0.004150759985139454
  - - 0.001798783926484309
- - - -0.08844956252901882
  - - -0.004346638432981943
  - - -1.39256889115199e-05
- - - -0.08225555696883868
  - - -0.005297692006642775
  - - -0.004235995280714775
- - - -0.08167874325069237
  - - -0.006101814923528829
  - - 0.0022667241054169524
- - - -0.08151687207037976
  - - -0.0036387609590427957
  - - 0.005083129192051943
- - - -0.08097817338387903
  - - -0.001810192593848361
  - - 0.0026252483175727083
- - - -0.08110548623714575
  - - 0.0015994835778930364
  - - -0.008718257515671846
- - - -0.08802912636131695
  - - 0.0022612910274914227
  - - -0.0032025279244320467
- - - -0.0891376131954782
  - - 0.0019752541944697884
  - - 0.0015603675463225154
- - - -0.09102381396870794
  - - 0.0020381544480032494
  - - -0.004547942039194472
- - - -0.09202710824863473
  - - 0.00233083452175131
  - - -0.004095031538912734
translation_vectors:
- - - -0.38873272611923454
  - - -0.1293988631668865
  - - 2.709543212697608
- - - -0.37898386045478055
  - - -0.15451178047694566
  - - 2.7116378114264594
- - - -0.32102202485689335
  - - -0.14648995078229915
  - - 2.7099783058521476
- - - -0.25641220425192207
  - - -0.14900865934504068
  - - 2.7096740275795166
- - - -0.2115897196137617
  - - -0.1463117388045577
  - - 2.7088186546196935
- - - -0.19442953172196165
  - - -0.14736895728964441
  - - 2.708667862605013
- - - -0.18224675781532365
  - - -0.11251280455707974
  - - 2.7054647095438
- - - -0.20084397189305758
  - - -0.08523689528132183
  - - 2.703033489641795
- - - -0.2095975459126123
  - - -0.03391032814091481
  - - 2.6985480308129155
- - - -0.18485204645186046
  - - -0.022062475209750944
  - - 2.6974545187209076
- - - -0.2636648414096343
  - - -0.025094659737476915
  - - 2.698395218752613
- - - -0.3095106660578141
  - - -0.02122490790050245
  - - 2.698783588541831
- - - -0.3972405165347967
  - - -0.020651665904132997
  - - 2.700345299910703
- - - -0.39599797083749355
  - - -0.07528342443848571
  - - 2.7050448677004564
- - - -0.3871023903492232
  - - -0.1111553935565961
  - - 2.707627865868261
- - - -0.390825840389036
  - - -0.13689922035378227
  - - 2.7098714495902327
- - - -0.39104132302230415
  - - -0.14906222419943144
  - - 2.711023289409266
