camera_matrix:
- - 33487.75354818627
  - 0.0
  - 1530.731840973322
- - 0.0
  - 34465.18657041241
  - 1035.3498754722075
- - 0.0
  - 0.0
  - 1.0
distortion_coefficients:
- - -0.8337379899107904
  - -185.12489473089659
  - -0.04425005852708814
  - -0.01745437831520957
  - -0.39615941322518017
rotation_vectors:
- - - -0.24521915920155285
  - - 0.0009047186595282432
  - - -0.009382890496958304
- - - -0.2451254031072533
  - - -0.0011288745910540327
  - - -0.019815448334853325
- - - -0.24557446549916986
  - - -0.0006505603550010933
  - - -0.012122039532844514
- - - -0.247052132847355
  - - -0.0015833954336132174
  - - -0.0034197274915584897
- - - -0.2434474173915213
  - - -0.0038070473769529194
  - - -0.030855508514249997
- - - -0.2437126884654097
  - - 9.614700968611443e-05
  - - 0.0032287230903168367
- - - -0.24472311077727077
  - - 0.001060426027771711
  - - -0.0019249857268189487
- - - -0.24426654177287177
  - - 0.001574976028917857
  - - 0.0039660900566914495
- - - -0.24402428643032895
  - - -0.00010179496901466981
  - - 0.000560278552697291
- - - -0.24436147406919956
  - - -0.003302704148444918
  - - -0.023220841268963895
- - - -0.24506435130622578
  - - -0.0020362227229801513
  - - -0.011755327962726683
- - - -0.2457616659671405
  - - -0.0009292163619753627
  - - 0.002798620071987111
- - - -0.246307959853065
  - - -0.0005156127496872285
  - - 0.01402063502374518
- - - -0.24352181451035873
  - - -0.001988745352647455
  - - -0.011570441702274994
- - - -0.24342118235515353
  - - -0.0029737484896318897
  - - -0.017252097675849606
- - - -0.2458605529097788
  - - 0.008009961598027785
  - - 0.062024311231157474
translation_vectors:
- - - -0.4054411386293848
  - - -0.2532929840115591
  - - 9.036994611045337
- - - -0.3797319301597132
  - - -0.2522874478894736
  - - 9.03600825402133
- - - -0.33919059598660717
  - - -0.2491442762144807
  - - 9.03456839772517
- - - -0.2426311213594321
  - - -0.240294562160226
  - - 9.030189861537139
- - - -0.4145186728206108
  - - -0.13330866984334994
  - - 9.015830611714778
- - - -0.38992972227455275
  - - -0.16849402141663605
  - - 9.021768124900886
- - - -0.3910241286239719
  - - -0.204816187182488
  - - 9.026379888244977
- - - -0.40028865357589355
  - - -0.23769040244896347
  - - 9.034373907031968
- - - -0.37993572688312577
  - - -0.16616508642428163
  - - 9.021070161284015
- - - -0.3467579727752709
  - - -0.15589732042272153
  - - 9.018056254127789
- - - -0.295660827132386
  - - -0.17102818924827867
  - - 9.019529709723937
- - - -0.25039571792877596
  - - -0.1463593779730951
  - - 9.0149061966459
- - - -0.20995527668338831
  - - -0.12981547175548075
  - - 9.010799633351427
- - - -0.40373861053986004
  - - -0.15094940888720926
  - - 9.01889698430367
- - - -0.41275581860286453
  - - -0.12958501306777617
  - - 9.015520145633618
- - - -0.372806687416464
  - - -0.25698947581751114
  - - 9.036581031008131
