camera_matrix:
- - 3347.513680132732
  - 0.0
  - 158.5392811763066
- - 0.0
  - 3356.5841439263213
  - 70.50903871838783
- - 0.0
  - 0.0
  - 1.0
distortion_coefficients:
- - -0.5236470660023829
  - 14.18708905730529
  - -0.01054069029947132
  - 0.008395730267817324
  - -298.3982728902039
rotation_vectors:
- - - -0.11080099004192977
  - - 0.03222849873792692
  - - 0.0030990243016567904
- - - -0.10916706203946151
  - - 0.033831404568248624
  - - -0.014197384936860166
- - - -0.1100160220624005
  - - 0.033796957585804144
  - - -0.00566989955062028
- - - -0.11067504664809887
  - - 0.03202465700444936
  - - -0.007613878739964551
- - - -0.11127336844728178
  - - 0.028942141522880643
  - - 0.0003179490094068352
- - - -0.1126376053473582
  - - 0.028631941951369685
  - - 0.0015981412678073704
- - - -0.11042022579465867
  - - 0.02944679442996493
  - - 0.003652049960597758
- - - -0.1088625244065284
  - - 0.02923789969734749
  - - 0.007777187662964326
- - - -0.1065980055753938
  - - 0.028006654084583926
  - - 0.005032415658157603
- - - -0.10414568443780246
  - - 0.027565832629765353
  - - 0.0033734744496760447
- - - -0.10731135635968217
  - - 0.02654340625080588
  - - -0.0007093644421915981
- - - -0.10355631768473922
  - - 0.031827203173742755
  - - -0.01289730596414459
- - - -0.10241835328300428
  - - 0.0362083587202269
  - - 0.0013007154305568762
- - - -0.10145556677669164
  - - 0.035266970043687965
  - - -0.0003793576323314016
- - - -0.10775545430920477
  - - 0.034503733930346746
  - - -0.012623147780434194
- - - -0.10731986910126899
  - - 0.03228859924738524
  - - 0.002357507071548523
- - - -0.10431589884744685
  - - 0.033701010042434004
  - - -0.020613804120254695
- - - -0.1098149143797642
  - - 0.0370897857596174
  - - 0.010922245870218927
- - - -0.10878110668868256
  - - 0.0325073976660984
  - - -0.058316998736357664
- - - -0.111915245476022
  - - 0.0321275685359609
  - - 0.015352804835203513
translation_vectors:
- - - -0.2021304211273405
  - - -0.08647561068968619
  - - 4.50231574749013
- - - -0.16770214883754286
  - - -0.08341743427982523
  - - 4.500637894173125
- - - -0.12049330945790515
  - - -0.0835523019099773
  - - 4.498401847087085
- - - -0.0630197582883979
  - - -0.08408447042663666
  - - 4.495976378345405
- - - -0.03180814230757403
  - - -0.08210543143465823
  - - 4.493534129603356
- - - -0.002674800896217762
  - - -0.09088661126573479
  - - 4.493591357199301
- - - 0.005361205616546225
  - - -0.08895327997799193
  - - 4.493073874776986
- - - 0.003934733637617502
  - - -0.051705577100434885
  - - 4.489951153640992
- - - 0.002331519497932819
  - - -0.020046711230111456
  - - 4.486968455889987
- - - 0.00015631221060058008
  - - 0.047133706605419476
  - - 4.482246126768803
- - - -0.11147397595353761
  - - 0.04737086070630666
  - - 4.485555481469721
- - - -0.19302323317522202
  - - 0.05044945829903908
  - - 4.490615911856384
- - - -0.20195678315847698
  - - 0.05244633874648443
  - - 4.4916744382814615
- - - -0.20714702536609675
  - - 0.02225770620487546
  - - 4.493436068441706
- - - -0.20864497803975224
  - - -0.034546906796937026
  - - 4.497594522699353
- - - -0.20513034122259868
  - - -0.050933869806011875
  - - 4.498988454575208
- - - -0.20519863414452844
  - - 0.0025624032136516484
  - - 4.4946988591410015
- - - -0.2047728750036802
  - - -0.07924796523996978
  - - 4.502438146206554
- - - -0.16872479719576572
  - - -0.04915171589305566
  - - 4.497261451178116
- - - -0.05966325498241408
  - - -0.05486237240599608
  - - 4.49314316784476
