camera_matrix:
- - 18968.205230912652
  - 0.0
  - 1749.6976665640611
- - 0.0
  - 18954.44386881324
  - 962.2818734565597
- - 0.0
  - 0.0
  - 1.0
distortion_coefficients:
- - -0.5678805075787049
  - 9.159156987833132
  - 0.0002597538520639212
  - -0.002917465517072291
  - -1.314271265550268
rotation_vectors:
- - - -0.016011803158045144
  - - -0.06021999399927768
  - - 0.0005696981059836553
translation_vectors:
- - - -0.45565245911251034
  - - -0.2472898833036102
  - - 4.954845855495339
