camera_matrix:
- - 14300.907482853825
  - 0.0
  - 1024.5187458464318
- - 0.0
  - 14327.469454308426
  - 398.3533810726267
- - 0.0
  - 0.0
  - 1.0
distortion_coefficients:
- - -0.38724267614074015
  - 11.67713755526497
  - -0.010322289567311987
  - 0.0031632254506215518
  - -212.48570933798354
rotation_vectors:
- - - -0.09261266662869569
  - - 0.029123529532274258
  - - 0.0025472413434460394
- - - -0.0930537642710085
  - - 0.02702151169335417
  - - -0.014808210765626093
- - - -0.0938798697236261
  - - 0.025973714954562337
  - - -0.0063272176689244935
- - - -0.09415128975413033
  - - 0.0238272416806037
  - - -0.008193897396721167
- - - -0.09413609141660784
  - - 0.021755469652655395
  - - -0.00020817848816448756
- - - -0.09408762154781813
  - - 0.021521795763901265
  - - 0.000987847597378858
- - - -0.09472309116418134
  - - 0.020492931618476044
  - - 0.0030760869712452648
- - - -0.09211775294981976
  - - 0.019393372373810194
  - - 0.007169328989820746
- - - -0.08882735197246938
  - - 0.01907784390507072
  - - 0.0045219763061702875
- - - -0.08270877915968801
  - - 0.01676283542076188
  - - 0.0029147425464136714
- - - -0.08479516564535293
  - - 0.02139334045840654
  - - -0.0013789707123487858
- - - -0.08561349458970698
  - - 0.026085839994508978
  - - -0.013455355802271684
- - - -0.08443928321234839
  - - 0.026622998668184863
  - - 0.0006742605430115346
- - - -0.08689127961199838
  - - 0.02702112597586789
  - - -0.000848610027591425
- - - -0.0918865277737656
  - - 0.02720529131760629
  - - -0.013230323358408062
- - - -0.09184320755087563
  - - 0.02770390450679097
  - - 0.0016004662022409838
- - - -0.08922243129466054
  - - 0.02658106720428326
  - - -0.021172921393692756
- - - -0.09206513386032716
  - - 0.028979406683136057
  - - 0.010363498831878464
- - - -0.09389750329749366
  - - 0.024178689914905457
  - - -0.058994690535969986
- - - -0.09247578664860737
  - - 0.02324343735920365
  - - 0.014778345769001779
translation_vectors:
- - - -0.26397525596972055
  - - -0.09856914229738564
  - - 3.842331271578189
- - - -0.22956718904662926
  - - -0.09548082818535907
  - - 3.84067718071392
- - - -0.1823481304569198
  - - -0.09562077625650635
  - - 3.8387848243587928
- - - -0.1248495071837856
  - - -0.09619374365940878
  - - 3.8363689596586914
- - - -0.0935577014571281
  - - -0.09424121886423643
  - - 3.834665726506657
- - - -0.06446741720759791
  - - -0.10303940971094128
  - - 3.834620815501968
- - - -0.0564461034041898
  - - -0.10107493196200834
  - - 3.8338765386481066
- - - -0.05783477059327055
  - - -0.06381694956178324
  - - 3.830806425976258
- - - -0.05938725309867379
  - - -0.032116372221362786
  - - 3.828411205230725
- - - -0.06152428209185489
  - - 0.035087642384396094
  - - 3.8230417524823235
- - - -0.17318917111690652
  - - 0.035460917381063266
  - - 3.8276261505054063
- - - -0.25481007610605094
  - - 0.03857964189382029
  - - 3.8318606561896265
- - - -0.26377897272577217
  - - 0.040531572853693534
  - - 3.832080404585795
- - - -0.2689521026034884
  - - 0.010322264290775596
  - - 3.8343321486729054
- - - -0.2704852183678419
  - - -0.04653361758635674
  - - 3.838114527271776
- - - -0.2670155564466948
  - - -0.06287085291908466
  - - 3.839391102493951
- - - -0.267006176920722
  - - -0.00934759337928474
  - - 3.835377673837738
- - - -0.2666719149252653
  - - -0.09137764229093238
  - - 3.841870514903808
- - - -0.23061184225988834
  - - -0.06114038540446011
  - - 3.8373854624527417
- - - -0.12143210306788595
  - - -0.06699374011370167
  - - 3.8338181328708663
