camera_matrix:
- - 6883.863878603758
  - 0.0
  - 1451.9124060591055
- - 0.0
  - 6888.14515024023
  - 1201.3188554645792
- - 0.0
  - 0.0
  - 1.0
distortion_coefficients:
- - -0.056219800338925846
  - 0.4236846762498121
  - 0.004631897362029138
  - -0.003950215702900074
  - -2.4268775477102853
rotation_vectors:
- - - 0.018834979534941506
  - - 0.41404872442652463
  - - 3.0447436984785186
- - - 0.003961643297774231
  - - 0.6626640996474065
  - - 2.99133746162892
- - - -0.034511733730527655
  - - -0.814919869188996
  - - -3.007427240762357
- - - -0.026319361276154238
  - - 0.7802583177186818
  - - -3.0324203265010974
- - - 0.7986741184017326
  - - -0.040470032069776674
  - - 3.006550523166101
- - - 0.6751151448295084
  - - 0.024831585196572206
  - - -3.064084128229522
- - - -0.013590396939624551
  - - 0.025683677734184732
  - - -1.5517963093793123
- - - -0.022636533490394344
  - - 0.039347435882988356
  - - -1.6204588232270902
- - - -0.013577150277092167
  - - 0.027440274399512205
  - - -1.5816105202734831
translation_vectors:
- - - 0.23706443961551824
  - - 0.027471345195481965
  - - 1.7198059385380178
- - - 0.4157091875928916
  - - 0.06216314356853354
  - - 1.6226307283228005
- - - 0.5022587171033079
  - - 0.04867161916758319
  - - 1.5778334973685277
- - - 0.45306989426996197
  - - 0.2618121710462785
  - - 1.8301194352041354
- - - -0.03317181965716787
  - - 0.18047300108037004
  - - 1.5322540869974441
- - - 0.4737653618669711
  - - 0.17653388422974434
  - - 1.8113922916989276
- - - 0.08200708899391394
  - - 0.2587156756555586
  - - 1.8301751770438301
- - - -0.43135094188997064
  - - 0.2947832024065428
  - - 1.842845365662731
- - - -0.15485037331213566
  - - 0.30431822670365394
  - - 1.8348548487262653
