camera_matrix:
- - 7354.736796213833
  - 0.0
  - 282.04861996348086
- - 0.0
  - 7469.1719441937275
  - 132.41577952579445
- - 0.0
  - 0.0
  - 1.0
distortion_coefficients:
- - -2.832091084941472
  - 369.48053907725455
  - -0.02212682595312592
  - 0.010936051530235691
  - 0.7657219418335512
rotation_vectors:
- - - -0.12588774834641203
  - - 0.13342848596676024
  - - 1.5528600286233136
- - - -0.12771928094111684
  - - 0.12677413985721284
  - - 1.528569312281297
- - - -0.12927181828283513
  - - 0.13048851340091347
  - - 1.5825999186094353
- - - -0.19932612293880966
  - - 0.0027864311225713266
  - - 0.002745314616058229
- - - -0.20026203890363217
  - - 0.0014746835105673274
  - - -0.032074900340910734
- - - -0.20091427931669767
  - - 0.0035207417196961373
  - - 0.005647733575361561
- - - -0.20277236956989614
  - - -0.0022983612315047213
  - - 0.004135033176762959
- - - -0.1974772887681062
  - - 0.006371983134925466
  - - 0.030795026806412162
- - - -0.19812559570473262
  - - 0.005969472428343805
  - - 0.034492019527960265
translation_vectors:
- - - 0.06908173537989598
  - - -0.21307577795282875
  - - 9.854925558255601
- - - 0.15506717633020833
  - - -0.2229257668833974
  - - 9.857139412650511
- - - 0.36860945075606105
  - - -0.19289121845169396
  - - 9.84517488796166
- - - -0.37797704082450523
  - - -0.15511641867798512
  - - 9.822952712338882
- - - -0.32990918436403943
  - - -0.1581772222272186
  - - 9.821512400301579
- - - -0.2306949060029405
  - - -0.17887355126861737
  - - 9.824012819512937
- - - -0.15520909821856635
  - - -0.16085885122194615
  - - 9.794905788510134
- - - -0.17360533513441048
  - - -0.04848057406648077
  - - 9.805413625927981
- - - -0.2698147320534583
  - - -0.03331718940812413
  - - 9.80541320280659
