camera_matrix:
- - 4614.342002933079
  - 0.0
  - 243.09240033486515
- - 0.0
  - 4624.22383161792
  - 345.6120696302177
- - 0.0
  - 0.0
  - 1.0
distortion_coefficients:
- - -0.4589835071494135
  - 29.94866296848093
  - 0.02002023602366807
  - 0.01120743486298433
  - 0.09420450805668394
rotation_vectors:
- - - 0.037860675221593136
  - - 0.040861222980146106
  - - 3.096467196022777
- - - -0.020731541079081175
  - - 0.08839524658093698
  - - 3.1267818607992273
- - - 0.061085509935457874
  - - 0.029868671735372342
  - - -3.0881010376590377
- - - -0.027265339784050904
  - - -0.12020757914045697
  - - 3.100704461773506
- - - -0.005693914205511104
  - - -0.14426883573906923
  - - 3.0994732328605696
- - - 0.02869782217830881
  - - -0.12162432943600987
  - - 3.0783574629520034
- - - 0.009016907548167549
  - - -0.07340101608599928
  - - 3.110885158613359
- - - 0.020541353736951706
  - - 0.051172432749151
  - - -3.132527694766868
- - - -0.030110918957990406
  - - -0.07068881561991723
  - - 3.129055053187028
- - - 0.062016967791208764
  - - -0.023025326833907372
  - - -3.1079152371528567
- - - -0.020864387710268054
  - - 0.11089991645984598
  - - -3.1037710579872497
- - - -0.004309853534320496
  - - -0.1253125102780296
  - - 3.1049674722255944
- - - 0.048122603602198714
  - - 0.02892527865156591
  - - -3.123834398509299
- - - -0.03793334560654041
  - - -0.0064779108666808815
  - - -3.080408751237165
- - - 0.010274456070453011
  - - 0.006574861398272144
  - - 3.095585003721284
translation_vectors:
- - - 0.2804932571737006
  - - -0.10175826450321232
  - - 6.099776387547712
- - - 0.5562299834468791
  - - -0.08484050343502876
  - - 6.0961179123281495
- - - 0.7480988582435626
  - - 0.08783111675807544
  - - 6.142277548604927
- - - 0.6899613829354575
  - - 0.16498907967396356
  - - 6.149513568610008
- - - 0.4384993393431816
  - - 0.1837018685140409
  - - 6.146828265594883
- - - 0.21462618124428548
  - - 0.11937950887485288
  - - 6.133623519813549
- - - 0.38186729126753827
  - - 0.023343769879888062
  - - 6.1258562473156255
- - - 0.56633252131082
  - - 0.026046118279108764
  - - 6.1305630384149
- - - 0.7117506862991425
  - - 0.10205971933733622
  - - 6.141579756416225
- - - 0.7269697126332345
  - - -0.06660044916438439
  - - 6.131681718444771
- - - 0.26453086611434523
  - - 0.13012714095768999
  - - 6.133666564008887
- - - 0.4459257915977083
  - - 0.12627202629848147
  - - 6.140524474372062
- - - 0.7007407919029871
  - - 0.028877590511708323
  - - 6.135742783175749
- - - 0.22309387670323935
  - - -0.02339788388102245
  - - 6.106504913934385
- - - 0.41747575981394414
  - - -0.0684275658084281
  - - 6.111625235858589
