camera_matrix:
- - 8985.735886076394
  - 0.0
  - 1615.7294799642048
- - 0.0
  - 8969.984770590407
  - 628.4546498616457
- - 0.0
  - 0.0
  - 1.0
distortion_coefficients:
- - -0.11119013901175445
  - 2.0824342452463243
  - -0.007612636050926621
  - 0.00020090221331271676
  - -31.87313943326342
rotation_vectors:
- - - -0.09308459226009796
  - - -0.030460985353784876
  - - -0.014553011893310949
- - - -0.07520521695037208
  - - -0.03079153380262738
  - - -0.06519005918856977
- - - -0.06062773575069639
  - - -0.018772058015587092
  - - -0.017585939181202003
- - - -0.05934076208745177
  - - -0.017026004129121152
  - - -0.004879047133749157
- - - -0.061619237080563
  - - -0.017685237150821157
  - - -0.0040922491582618
- - - -0.06152532419614273
  - - -0.01773042448426683
  - - -0.006166724792944273
- - - -0.08771386198658082
  - - -0.03335095503195316
  - - 0.020970220213258017
- - - -0.08966968790853613
  - - -0.03142546206286238
  - - 0.016350590372173693
- - - -0.08771918429244668
  - - -0.03197864348036519
  - - 0.005611462086105077
- - - -0.08976030656633259
  - - -0.02897327752886009
  - - 0.00026245377090091337
translation_vectors:
- - - -0.43502859035991776
  - - -0.17130472979860042
  - - 2.4030432214912496
- - - -0.4636571067284171
  - - -0.06210278075361219
  - - 2.3967853420179863
- - - -0.43681716409476945
  - - -0.03073201260816449
  - - 2.40096793564031
- - - -0.34758168137256873
  - - -0.02968562146065524
  - - 2.4030648087372612
- - - -0.26508847076367703
  - - -0.04221278109109639
  - - 2.4052940697632583
- - - -0.22646983390657485
  - - -0.02817069369128959
  - - 2.4053140643977744
- - - -0.21240999143016917
  - - -0.16257276572611862
  - - 2.4039832320639407
- - - -0.27058706247574466
  - - -0.15653200513677107
  - - 2.4034604127457593
- - - -0.3359499259020387
  - - -0.15818191576832463
  - - 2.402266491643633
- - - -0.4124300889394799
  - - -0.15778968580604585
  - - 2.4029130566554433
