camera_matrix:
- - 2723.508874264455
  - 0.0
  - 330.1718608626602
- - 0.0
  - 2722.6855838884344
  - 234.1006376555941
- - 0.0
  - 0.0
  - 1.0
distortion_coefficients:
- - -0.5154057793406135
  - 17.88325998527415
  - -0.0020494082043186457
  - -0.0029135581655466863
  - 0.31959579059546983
rotation_vectors:
- - - -0.04121422428709004
  - - -0.00838629166601837
  - - -0.0033133608765586217
- - - -0.032599836887539715
  - - -0.01985209417649191
  - - -0.007362433682128216
- - - -0.04048499236328033
  - - -0.018154996315904216
  - - -0.003268497010211388
- - - -0.01899639921742171
  - - -0.026442319105355876
  - - -0.0011479062551364631
- - - -0.004582837234709167
  - - -0.03203356340058463
  - - -0.0014785804470374682
- - - -0.03003090919540061
  - - -0.031150247184557063
  - - -0.004628397630563873
translation_vectors:
- - - -0.4322350593811834
  - - -0.307394031109459
  - - 3.5787255827035094
- - - -0.3349787818466091
  - - -0.3048600506742768
  - - 3.5752151537268912
- - - -0.22795306975455
  - - -0.3066835132463992
  - - 3.5790318603036315
- - - -0.22821267097155692
  - - -0.17239056801792446
  - - 3.569554705835416
- - - -0.35204919197126494
  - - -0.17158776219676422
  - - 3.559388821295776
- - - -0.4317042539311261
  - - -0.1706666685351732
  - - 3.5648150793114457
