camera_matrix:
- - 18309.787422568446
  - 0.0
  - 487.4729482110167
- - 0.0
  - 18455.233384098305
  - 133.09547264338315
- - 0.0
  - 0.0
  - 1.0
distortion_coefficients:
- - -9.57423394734068
  - 0.21199704565619198
  - 0.06318402631118111
  - -0.15308862926049246
  - 0.0002032699294400279
rotation_vectors:
- - - -0.11144281544291469
  - - -0.050823349989862855
  - - -0.0021639314079918794
- - - -0.11331996255142783
  - - -0.05397763265008797
  - - 0.002171305264782493
- - - -0.1071664553829674
  - - -0.038387074444814706
  - - 0.0017409401816328544
- - - 0.1062970778591334
  - - 0.03375670695543772
  - - 0.0025698648470159325
- - - -0.10891787228657097
  - - -0.04925450984238112
  - - -0.00011963752094381697
- - - -0.10088789996098108
  - - -0.054305644080758275
  - - -0.00045515623689833457
translation_vectors:
- - - -0.6391474078376345
  - - -0.17203013423859187
  - - 24.21568407301567
- - - -0.4980140149599985
  - - -0.17333949960051384
  - - 24.22874353320849
- - - -0.43069414957374724
  - - -0.17386831033001865
  - - 24.24586415526006
- - - -0.4336541303639324
  - - -0.03887506925258473
  - - 24.214440990408896
- - - -0.5352874828647739
  - - -0.038872391476259635
  - - 24.23064871658112
- - - -0.6402043253412066
  - - -0.039262324130697836
  - - 24.221629547961527
