camera_matrix:
- - 16638.969773146222
  - 0.0
  - 1846.8272041975317
- - 0.0
  - 16645.817554497597
  - 1157.1767469128383
- - 0.0
  - 0.0
  - 1.0
distortion_coefficients:
- - -0.33129812737212744
  - 1.0425711661897434
  - -0.0014317886842515324
  - -0.0012191104306731105
  - -1.4833554035365641
rotation_vectors:
- - - -0.02488782960066354
  - - -0.04554825814523393
  - - -0.002456907330959602
- - - -0.023919407250820146
  - - -0.04808987324391637
  - - 0.0023826008015534073
- - - -0.025596028555420695
  - - -0.04869527829681583
  - - 0.001489408506298284
- - - -0.01234465606664882
  - - -0.04500105399167149
  - - 0.002921351650828252
- - - -0.008449569119196214
  - - -0.04681852376523602
  - - 3.508425034673639e-05
- - - -0.010110401628558823
  - - -0.046757033084864376
  - - -0.0013417758828461798
translation_vectors:
- - - -0.48265578457721536
  - - -0.3005994834356504
  - - 4.3579201356529795
- - - -0.3413345276063733
  - - -0.30240641679060853
  - - 4.364513321165874
- - - -0.2739640963253756
  - - -0.30313163662220854
  - - 4.368016761466074
- - - -0.27706360936591745
  - - -0.16761386345152615
  - - 4.36427451853398
- - - -0.37885020635434113
  - - -0.1668269732938519
  - - 4.357633461757132
- - - -0.4840315942147981
  - - -0.1666778741108007
  - - 4.352368920351086
