camera_matrix:
- - 2631.80423927038
  - 0.0
  - 334.9629201456323
- - 0.0
  - 2622.6255924952716
  - 142.5044063574895
- - 0.0
  - 0.0
  - 1.0
distortion_coefficients:
- - 0.14110002082938136
  - -16.180883393921736
  - 0.005106293117937009
  - -0.0026028175398302078
  - 1.0046107624721208
rotation_vectors:
- - - -0.021968234080889534
  - - 0.061017883312454335
  - - 0.0004251283794407541
- - - -0.013927028653636212
  - - 0.06904918343302321
  - - -0.0018380019536436908
- - - -0.014700551475071301
  - - 0.07267591053720998
  - - -0.00930516626042867
- - - -0.023332897184376523
  - - 0.06881757515389744
  - - -0.004745911920598635
translation_vectors:
- - - -0.42424375353141536
  - - -0.17699989220729476
  - - 3.478918282106031
- - - -0.24182875709811283
  - - -0.17653101037885083
  - - 3.467437140859617
- - - -0.2933254653479326
  - - -0.05026280386443087
  - - 3.4682432026430106
- - - -0.43012198478047103
  - - -0.0541221132108287
  - - 3.4761377383297303
