camera_matrix:
- - 1698.9868497213047
  - 0.0
  - 477.04952157173875
- - 0.0
  - 1706.0192578949707
  - 249.34943766131767
- - 0.0
  - 0.0
  - 1.0
distortion_coefficients:
- - 0.1422799568384784
  - -4.774535680364797
  - 0.002414651268666102
  - -0.008438287962981583
  - 30.143653301930943
rotation_vectors:
- - - 0.0012425282668478497
  - - -0.024494085178586762
  - - 0.0008469662825486256
translation_vectors:
- - - -0.6242581985906139
  - - -0.32278090383346203
  - - 2.2389836553801636
