camera_matrix:
- - 7669.263532057356
  - 0.0
  - 43.67465328624215
- - 0.0
  - 7704.535634835398
  - 202.3575333720834
- - 0.0
  - 0.0
  - 1.0
distortion_coefficients:
- - -1.0553281722997045
  - -38.6264590938991
  - 0.009381532487723505
  - 0.03253106523157396
  - 0.8077344474284187
rotation_vectors:
- - - -0.07088055365952563
  - - 0.0411005821298064
  - - 0.0006907542717526507
- - - -0.09070539780002466
  - - 0.04357337955676058
  - - -0.0014551911210311348
- - - -0.07906509325966163
  - - 0.04702536464544387
  - - 0.0034686072807624153
- - - -0.07889232154524106
  - - 0.04959247681721431
  - - 0.003158605808314725
- - - -0.08592436070631083
  - - 0.040832729621601206
  - - 0.0035728747751200976
- - - -0.08103236405415803
  - - 0.04220690290370663
  - - -0.0005804163402633661
translation_vectors:
- - - -0.05408633114067904
  - - -0.2629520921911057
  - - 10.141339243744538
- - - 0.013940999093286598
  - - -0.2631437070996465
  - - 10.13366249214573
- - - 0.15003905895830286
  - - -0.2633397246446366
  - - 10.1341811165838
- - - 0.1470035356346739
  - - -0.13230975749537938
  - - 10.121643257224218
- - - -0.00045895731620233804
  - - -0.13199336829573613
  - - 10.126591477395515
- - - -0.053403899597268774
  - - -0.12898517307579394
  - - 10.123162549679849
