camera_matrix:
- - 14299.902483077189
  - 0.0
  - 1565.0690073872688
- - 0.0
  - 14292.337029250744
  - 729.1363800670915
- - 0.0
  - 0.0
  - 1.0
distortion_coefficients:
- - -0.21751057028694515
  - -0.634190924495845
  - 0.0031871128898651644
  - 0.0037094360006929084
  - -0.6713461238194754
rotation_vectors:
- - - -0.049861074550720655
  - - -0.032473403490148475
  - - -0.0030356340981893964
- - - -0.04624813192821009
  - - -0.033956512715416776
  - - -0.006903749365503929
- - - -0.044979955529155256
  - - -0.03618081411389085
  - - -0.002318031490292426
- - - -0.02832042222626804
  - - -0.03896570380685447
  - - -0.0008890934562230954
- - - -0.02894200842385772
  - - -0.03825795515234185
  - - -0.0006670185335867054
- - - -0.02508599233362024
  - - -0.03953766735675717
  - - -0.004039950762495011
translation_vectors:
- - - -0.40915581927057476
  - - -0.19122741247117772
  - - 3.749897612641492
- - - -0.31191549238907756
  - - -0.18858824883680167
  - - 3.752639339983108
- - - -0.20471565526774912
  - - -0.19050562217213407
  - - 3.7560500464815294
- - - -0.20533394619707393
  - - -0.055959510754599054
  - - 3.7465271399877618
- - - -0.3290046142735689
  - - -0.05548839757461834
  - - 3.7414119265383423
- - - -0.408523361223117
  - - -0.054599123108720365
  - - 3.7360534711387094
