camera_matrix:
- - 22184.680410432797
  - 0.0
  - 1366.763222424624
- - 0.0
  - 22226.83973649879
  - 894.7557217976747
- - 0.0
  - 0.0
  - 1.0
distortion_coefficients:
- - -0.6175936494072387
  - 8.051118676580836
  - 0.0034872907473229705
  - 0.008538480832017562
  - 0.10068725284445357
rotation_vectors:
- - - -0.06887588592437294
  - - -0.00013625319057864412
  - - -0.0008725108118045243
- - - -0.06872792992087255
  - - -0.0004122679160611128
  - - -0.0030621451954346408
- - - -0.06904369457445339
  - - -0.003964617600274684
  - - 0.0020902271485791287
- - - -0.05947692676022052
  - - 0.001114621225588587
  - - 0.002586314821116018
- - - -0.06380082861013656
  - - -0.0006775255690222935
  - - 0.0023948656621412827
- - - -0.06470666937690531
  - - -0.0020932389401746307
  - - -0.0009010292161263818
translation_vectors:
- - - -0.3570808593284932
  - - -0.23183478120887732
  - - 5.836895118296528
- - - -0.28863878312514774
  - - -0.232441457501322
  - - 5.837688672036916
- - - -0.1528292638892212
  - - -0.23234203605959738
  - - 5.836876470511409
- - - -0.15505769937249836
  - - -0.10147330173608621
  - - 5.82970865485263
- - - -0.3026901590397419
  - - -0.10115466657634883
  - - 5.827724325812549
- - - -0.3553028645872784
  - - -0.09841075739110954
  - - 5.826801393577042
