camera_matrix:
- - 1374.583344237975
  - 0.0
  - 313.3594143220499
- - 0.0
  - 1371.2241182164405
  - 173.03549527858337
- - 0.0
  - 0.0
  - 1.0
distortion_coefficients:
- - -0.07492522396303937
  - 0.5973152483022818
  - -0.007043467298243055
  - -2.1150852029425155e-05
  - -1.832973467429858
rotation_vectors:
- - - -0.032741330027571645
  - - 0.0057540103838801815
  - - -0.18864326888018593
- - - -0.03763963741806707
  - - 0.013617783416826639
  - - 0.1709961945851946
- - - -0.03625276499384521
  - - 0.011494548056288382
  - - -0.06968143613376511
- - - -0.030695345542695276
  - - 0.4287155703965464
  - - -0.004146917287319069
- - - 0.27460984749574
  - - -0.08201324543221035
  - - -0.062285483191138094
- - - 0.2581269892684755
  - - 0.003078719975945188
  - - 0.010191309556195745
- - - -0.03176514202794449
  - - -0.5002964235143599
  - - 0.039721010404021026
- - - -0.04086182710959296
  - - 0.012824167434435662
  - - 0.01621434455725329
- - - -0.03611486867757032
  - - 0.012016141576393536
  - - -0.05478338604556699
- - - -0.045156934285478255
  - - -0.02015059750704303
  - - -0.051802854722342244
translation_vectors:
- - - -0.11305407977271816
  - - -0.07912918972067445
  - - 1.8435390938351166
- - - -0.11483302203280701
  - - -0.10852461150385667
  - - 1.8470515378631167
- - - -0.29759467797915345
  - - -0.1049838160168268
  - - 1.847997484271171
- - - -0.37056377053905787
  - - -0.21133626305485995
  - - 1.8359773307094234
- - - -0.3892420077954545
  - - 0.01419612474426814
  - - 1.6767564173729148
- - - -0.20418035467753845
  - - -0.05033657632750788
  - - 1.7258417852309975
- - - -0.08461609056547202
  - - -0.1586541180769449
  - - 1.5359774036539322
- - - -0.21126055031536742
  - - -0.21580136424237328
  - - 1.8511264703285415
- - - -0.2384730333889657
  - - -0.05828896307718766
  - - 1.846699887456828
- - - -0.30355856087505284
  - - -0.1248520212983501
  - - 1.8301048208883837
