camera_matrix:
- - 6918.151696667652
  - 0.0
  - 1546.3514097415373
- - 0.0
  - 6921.760245984805
  - 1189.9724880805056
- - 0.0
  - 0.0
  - 1.0
distortion_coefficients:
- - -0.06687741931135019
  - 0.16116199543461282
  - 0.004368344464825246
  - -0.0008349252733009368
  - 0.7986090529828143
rotation_vectors:
- - - 0.2548207912898212
  - - 0.15021186327437114
  - - 1.3311847075260546
- - - 0.4116095033725947
  - - 0.3970288529685652
  - - 1.4982313789679296
- - - -0.527648921808144
  - - -0.5282814203028428
  - - 1.4876438708748034
- - - 0.012822632239255971
  - - -0.8177731434303142
  - - 3.0265114031548106
- - - 0.013509426508826462
  - - -0.8433625179085501
  - - 3.015234381363897
- - - -0.0011826393431663776
  - - -0.7717835641296434
  - - -3.0310863927298035
- - - -0.011414368539224723
  - - 0.6053650916095777
  - - 3.0053708563842076
- - - -0.023097080709977333
  - - 0.016338811965322716
  - - -3.138812443165404
- - - 0.01529899302366011
  - - -0.021548990935273255
  - - 3.068977026274024
- - - -0.009087319064486843
  - - 0.012856121784502711
  - - -1.5640199799063987
- - - -0.009136385090392541
  - - 0.015526628645548782
  - - -1.5657797453729785
- - - -0.011897226268118727
  - - 0.019516785312722572
  - - -1.584167543841305
- - - -0.01372431162510232
  - - 0.022213891636674563
  - - -1.525991525175581
- - - -0.014225418861889667
  - - 0.018676248127347042
  - - -1.6221843927657917
translation_vectors:
- - - 0.06752367228617114
  - - -0.37278743238255085
  - - 1.6834234320600185
- - - -0.027287982771884593
  - - -0.3061580241263342
  - - 1.5649917159938442
- - - 0.4208657531031493
  - - -0.2820972005585532
  - - 1.7552628196049755
- - - 0.3385716186131135
  - - 0.22361084587491575
  - - 1.8140439095668242
- - - 0.16262241679928838
  - - 0.22353768448863157
  - - 1.8152189335566074
- - - 0.20833051088474
  - - 0.045208991347006726
  - - 1.6154887764213939
- - - 0.5194030613377445
  - - 0.03653030559742253
  - - 1.667286761601277
- - - 0.5157597030052085
  - - 0.1648809597188642
  - - 1.8293693770339798
- - - 0.1741447667043024
  - - 0.18991498478535387
  - - 1.8350209643087292
- - - 0.01587634858060803
  - - 0.24986499030147793
  - - 1.835487898041227
- - - -0.005247415766751166
  - - 0.2716961656958063
  - - 1.8366076550625932
- - - -0.32666373175330926
  - - 0.29824494787317773
  - - 1.839992994457084
- - - -0.44579324222174127
  - - 0.2826524772366409
  - - 1.8418492430746358
- - - 0.17846760315203478
  - - 0.29786024282299445
  - - 1.8359166556678959
