camera_matrix:
- - 1384.4174251223694
  - 0.0
  - 276.5605354323861
- - 0.0
  - 1384.1649285884791
  - 217.2741467154719
- - 0.0
  - 0.0
  - 1.0
distortion_coefficients:
- - 0.005871134657075107
  - -1.561410628423436
  - 0.0022882077347755807
  - -0.006518226812183822
  - 13.242964712099393
rotation_vectors:
- - - -0.032777545073857876
  - - 0.026541012608388793
  - - -1.599363296781369
- - - -0.03094117174715363
  - - 0.017233976734143758
  - - -1.5861372971543986
- - - -0.039305344847386105
  - - 0.024233806815867655
  - - -1.5153205945744592
- - - -0.036185826213635024
  - - 0.023015138214723424
  - - -1.581306618683035
- - - -0.03091528638025552
  - - 0.016924073910109003
  - - -1.6019337359574215
- - - 0.3120777336245512
  - - -0.3824810687235299
  - - -1.6012551384966618
- - - -0.4451037126320886
  - - 0.4182748475469486
  - - -1.4614422090563417
- - - -0.04053592709888041
  - - -1.0822366629656082
  - - -2.926338987621449
- - - 0.18499067533762809
  - - -0.7664140103292879
  - - 3.034350946569782
translation_vectors:
- - - -0.3725399312322043
  - - 0.30900185979726136
  - - 1.8509820661833147
- - - 0.041316952461187044
  - - 0.2779409829928903
  - - 1.8409721953817142
- - - 0.12258871885292072
  - - 0.27371404784774533
  - - 1.8410472206883246
- - - -0.4046597242779585
  - - 0.28621952056664224
  - - 1.850511200555519
- - - -0.06289936835562973
  - - 0.30915542322009143
  - - 1.8420698431329243
- - - 0.07392644449063088
  - - 0.3158817184942773
  - - 1.5859793471005519
- - - -0.3614623512772937
  - - 0.29940858885055116
  - - 1.7911271175510004
- - - 0.34193400451596706
  - - 0.14282115616624197
  - - 1.483212027526447
- - - 0.3196594209715654
  - - 0.27463959537648386
  - - 1.6476490850102599
