camera_matrix:
- - 26483.74948766675
  - 0.0
  - 1598.9019073909374
- - 0.0
  - 26623.438086731425
  - 1399.9214043746379
- - 0.0
  - 0.0
  - 1.0
distortion_coefficients:
- - -0.26733029722022084
  - -163.4639295977519
  - -0.031341453420555256
  - 0.007139813615415595
  - -0.976664024585485
rotation_vectors:
- - - -0.06460335627378903
  - - 0.05752680197908475
  - - 1.5544918805686418
- - - -0.06333349338832694
  - - 0.05930826750705677
  - - 1.6037981002163122
- - - -0.06522645051651976
  - - 0.055319040362390826
  - - 1.5941115694352876
- - - -0.12503650994700594
  - - -0.006283240179295073
  - - -0.033000864315927955
- - - -0.1414457237849477
  - - 0.0039259428848135245
  - - 0.030866815884229303
- - - -0.12286907713530011
  - - -0.0019399979345134661
  - - -0.009256970562415989
- - - -0.12417025884032593
  - - -0.0024452245576191884
  - - -0.004715574909681945
translation_vectors:
- - - 0.07177582886176664
  - - -0.4172848935520195
  - - 7.11998185207716
- - - 0.17334054920410308
  - - -0.39622900060080285
  - - 7.118048719480144
- - - 0.24554045385278622
  - - -0.40153291779760136
  - - 7.118430401803422
- - - -0.43215681617871066
  - - -0.23690485247963947
  - - 7.0940822102619014
- - - -0.44134965912253593
  - - -0.3961425530539514
  - - 7.080264252224093
- - - -0.21708832499001746
  - - -0.23818222213752696
  - - 7.095284149194982
- - - -0.33212729297565435
  - - -0.3327383403399462
  - - 7.100388200397936
