camera_matrix:
- - 1388.842449593749
  - 0.0
  - 308.99007748700046
- - 0.0
  - 1388.3642008868392
  - 234.91949768210245
- - 0.0
  - 0.0
  - 1.0
distortion_coefficients:
- - -0.06784230888912851
  - 0.03291264981488592
  - 0.003871047897970771
  - -0.001042140047767599
  - 3.0642900145947563
rotation_vectors:
- - - 0.25308163185917615
  - - 0.15370916681746566
  - - 1.3308469960446092
- - - 0.41064985723749314
  - - 0.399225057705486
  - - 1.4976745568511807
- - - -0.5293861741091449
  - - -0.5278406848022326
  - - 1.4881392962399855
- - - 0.012239517106927715
  - - -0.8172565349768358
  - - 3.0267670518876892
- - - 0.014419953330780264
  - - -0.8421305876420597
  - - 3.015555547628585
- - - -0.002045493177451766
  - - -0.7755069682201705
  - - -3.0303691548034717
- - - -0.010737937335020728
  - - 0.6079532612353075
  - - 3.004254038760753
- - - -0.02467559734286077
  - - 0.013498504591270043
  - - -3.1388214610944085
- - - 0.014509329540152216
  - - -0.01924090447616112
  - - 3.0688172607489395
- - - -0.00859370156912376
  - - 0.014208680203536599
  - - -1.564151934130329
- - - -0.010694237285930185
  - - 0.01561487636356859
  - - -1.565686867969638
- - - -0.013547498037926865
  - - 0.02100754585286998
  - - -1.583857712582155
- - - -0.016193075018483726
  - - 0.022168022104451433
  - - -1.5259227970888753
- - - -0.014055380614246956
  - - 0.01318058710379386
  - - -1.6215822577801633
translation_vectors:
- - - 0.06730179820028764
  - - -0.36990662184996903
  - - 1.6925684711907836
- - - -0.027402436149776017
  - - -0.30327945930320843
  - - 1.5723369087728505
- - - 0.4206018087898629
  - - -0.2788752658144756
  - - 1.7626239340398107
- - - 0.3384316126535997
  - - 0.2267742666255981
  - - 1.8212744919623156
- - - 0.1625481135686675
  - - 0.226756374415504
  - - 1.8222348833153583
- - - 0.2082297443237732
  - - 0.04808754119760741
  - - 1.622394499076799
- - - 0.5193615456063018
  - - 0.039302032714899196
  - - 1.6744326705398553
- - - 0.5156359920185599
  - - 0.16831320353330315
  - - 1.8365685969262138
- - - 0.17412998886719794
  - - 0.19326685067202604
  - - 1.8427225948560961
- - - 0.015857042733075505
  - - 0.2533072376382711
  - - 1.8439445325695973
- - - -0.005335431880643145
  - - 0.27509610331508266
  - - 1.8445457318352705
- - - -0.3267947700620389
  - - 0.3016059784918336
  - - 1.8482466943138358
- - - -0.445867998497295
  - - 0.2861127899854479
  - - 1.8496242762596447
- - - 0.1781098701212372
  - - 0.3011150532456401
  - - 1.8418812921952465
