camera_matrix:
- - 1378.4535205497994
  - 0.0
  - 307.76110282989345
- - 0.0
  - 1375.3893205757834
  - 149.12206567642812
- - 0.0
  - 0.0
  - 1.0
distortion_coefficients:
- - -0.08141627052119298
  - 1.4935145461925452
  - -0.00951148669787102
  - -0.0005136942090584116
  - -17.251354429823603
rotation_vectors:
- - - -0.24430869590411713
  - - -0.006496663156902717
  - - -0.026994489704725507
- - - -0.2240759560260958
  - - -0.0013271017654555935
  - - -0.01450317242543077
- - - -0.06225423311547466
  - - -0.0033300493946125612
  - - -0.05648142225316046
- - - -0.06388372400305586
  - - 0.0021851372751043666
  - - 0.0710506849361827
- - - -0.06515117578318759
  - - -0.002027199342069675
  - - -0.03317107078495501
- - - -0.07827365152806663
  - - -0.22231230173500552
  - - -0.07399847970553682
- - - -0.08682661390673947
  - - 0.4075192213639677
  - - 0.09471651867551723
- - - -0.2829137178510972
  - - -0.0011967582749345528
  - - 0.0029997520117826817
- - - -0.06502601179297432
  - - 0.003594448051193108
  - - 0.07859149126372221
- - - -0.06583165863935478
  - - -0.006557906527439525
  - - -0.30700527156826857
translation_vectors:
- - - -0.44804626084586663
  - - -0.15708534292174475
  - - 1.8437912436594939
- - - -0.2853009655296961
  - - -0.15981618261857036
  - - 1.8489902580284603
- - - -0.2631289546841666
  - - -0.039155708512129385
  - - 1.850479908220671
- - - -0.4203069065088803
  - - -0.06996890385594882
  - - 1.8532407480723174
- - - -0.23538622017747446
  - - -0.10501437072825148
  - - 1.854778610372693
- - - -0.12764981756833127
  - - -0.10712194519240399
  - - 1.7174920945980314
- - - -0.3885748059886676
  - - -0.09476250886509839
  - - 1.839097004231622
- - - -0.38269094412421706
  - - -0.0973744340979493
  - - 1.8267341569124877
- - - -0.40271679141932787
  - - -0.12180385492629445
  - - 1.8567187018872418
- - - -0.2971507923079209
  - - -0.06788031966039575
  - - 1.8535939436813869
