camera_matrix:
- - 1383.4088533913437
  - 0.0
  - 295.0269848652275
- - 0.0
  - 1383.9264204546082
  - 187.04123198621653
- - 0.0
  - 0.0
  - 1.0
distortion_coefficients:
- - -0.02543213614685011
  - -1.072285372992286
  - -0.002244052989695638
  - -0.0010050981811510196
  - 9.344825793187097
rotation_vectors:
- - - -0.030751037558610087
  - - -0.003951535736361708
  - - -1.5641677111349417
- - - -0.028164066628815532
  - - -0.0022823334853058668
  - - -1.5913187855551114
- - - -0.02972457031888351
  - - 0.0005989295909237119
  - - -1.570554716741897
- - - -0.03000385830648019
  - - 0.0018692414882058922
  - - -1.5554421900366036
- - - -0.5026465688267574
  - - -0.004915265449417061
  - - -0.028275816344694435
- - - 0.38815996526380503
  - - 0.0014536334492103134
  - - 0.06418775310481423
- - - 0.3796805166705293
  - - 0.01759460718230488
  - - -0.01616094272646423
- - - -0.039845069831719135
  - - -0.6054171223018959
  - - -0.02537026932251398
- - - -0.010467338821152918
  - - 0.01382648645161545
  - - 1.5665993147456414
- - - -0.010769009241999939
  - - 0.015106897498331212
  - - 1.577624470243983
- - - -0.009992416451819315
  - - 0.013746414674803645
  - - 1.5220945591783477
translation_vectors:
- - - -0.38148989696870356
  - - 0.3484921780582182
  - - 1.8376617667443294
- - - -0.34318463649842623
  - - 0.360113555823643
  - - 1.837904489652411
- - - 0.02827336481123084
  - - 0.33460701712940843
  - - 1.8365205438198695
- - - -0.07496850962696536
  - - 0.3340227825662356
  - - 1.837780248499989
- - - -0.35866501565305625
  - - -0.219736494279613
  - - 1.8144651491725474
- - - -0.35151432023521934
  - - -0.05532504532680948
  - - 1.6881219647097379
- - - -0.08118937611320681
  - - -0.07458968389092255
  - - 1.6792353540359408
- - - 0.05988673606266049
  - - -0.15479628947767268
  - - 1.481641246927993
- - - 0.47623238580548327
  - - -0.2653667436261705
  - - 1.8410923509072232
- - - 0.0042689200642042
  - - -0.25421362096569006
  - - 1.8468382099682752
- - - 0.14729690433650022
  - - -0.25605124891416864
  - - 1.8445151175757217
