camera_matrix:
- - 18344.398403963685
  - 0.0
  - 1491.4658402554444
- - 0.0
  - 18338.776479822198
  - 994.1430301057107
- - 0.0
  - 0.0
  - 1.0
distortion_coefficients:
- - 0.3280937654128609
  - -34.137893432336234
  - 0.014643736068475029
  - 0.007758211110434092
  - -0.28615971681665403
rotation_vectors:
- - - 0.025389251130644372
  - - 0.011952971744158157
  - - 3.035668218698688
- - - -0.04587559659087139
  - - -0.002704247476731212
  - - 2.8734276555579727
- - - 0.026793243454639102
  - - -0.0002635052254138052
  - - 3.120592967578338
- - - -0.04212595785369434
  - - -0.0313670234062223
  - - 3.135457719976286
- - - 0.0737415895698311
  - - -0.009689522379960482
  - - -3.1398302712938793
- - - -0.06621154955905154
  - - 0.06922716435550597
  - - 3.124659975029514
- - - 0.03990995764346298
  - - 0.06793005150072451
  - - 2.9274930006130746
- - - 0.018045637429952393
  - - 0.07213331332171172
  - - 3.0634548464813047
- - - 0.04408290646508262
  - - -0.004190456007609059
  - - -3.0827702620318767
translation_vectors:
- - - 0.18514816898404254
  - - 0.19141971148558817
  - - 4.8619604370892375
- - - 0.46715189054949885
  - - 0.10954136053197056
  - - 4.881689229852484
- - - 0.05090110949000495
  - - 0.2665521543609555
  - - 4.8661333830416105
- - - 0.3870173500851251
  - - 0.2850670535736235
  - - 4.883131918204561
- - - 0.549268255706467
  - - 0.2153270117683043
  - - 4.887785238765702
- - - 0.5358106441042908
  - - 0.028916745520763353
  - - 4.8861766433642355
- - - -0.08903654896944568
  - - 0.0649015585409777
  - - 4.8585205803459175
- - - 0.1860230164748081
  - - 0.08173726564361469
  - - 4.857621244697517
- - - 0.3758128587525128
  - - 0.19228986839868784
  - - 4.880231182207367
