camera_matrix:
- - 1382.586512343117
  - 0.0
  - 287.38141124211893
- - 0.0
  - 1382.7237621678762
  - 243.26872137186476
- - 0.0
  - 0.0
  - 1.0
distortion_coefficients:
- - -0.05268819378160409
  - 0.2254821463182787
  - 0.0037213133270479295
  - -0.004499840116501429
  - -1.5387622471906335
rotation_vectors:
- - - 0.023256947245797546
  - - 0.4149600806500366
  - - 3.044626425820346
- - - 0.007849570546992181
  - - 0.6620950188958238
  - - 2.9917061099066253
- - - -0.03705964943702769
  - - -0.8144539044327087
  - - -3.007411635602542
- - - -0.028185514536777458
  - - 0.785064787306468
  - - -3.0315716161381716
- - - 0.03846583138705929
  - - -0.8588874330706399
  - - 2.9946679643335203
- - - 0.6722743178143366
  - - 0.027875053773803966
  - - -3.0655344170629655
- - - -0.016101130324424284
  - - 0.02912465767232126
  - - -1.5518883753708972
- - - -0.02408415945916916
  - - 0.036934647244746786
  - - -1.6205052351066156
- - - -0.016339514387961718
  - - 0.028247412719758773
  - - -1.581415742298651
translation_vectors:
- - - 0.24040563206789495
  - - 0.02287894970375019
  - - 1.7271867873772595
- - - 0.41877589522243647
  - - 0.05772835262303733
  - - 1.6299839708541422
- - - 0.5052447096324004
  - - 0.04433732332697672
  - - 1.584791187321317
- - - 0.45645906777792644
  - - 0.2570203137249787
  - - 1.8380074787274114
- - - 0.03566477957372068
  - - 0.2394934994522934
  - - 1.836720937008707
- - - 0.4773089544436769
  - - 0.1718489391951334
  - - 1.8194041828325282
- - - 0.08571730371789799
  - - 0.2540857688585812
  - - 1.8399518015978804
- - - -0.4278039218347766
  - - 0.2901209735626144
  - - 1.8514842449808842
- - - -0.15131536356006747
  - - 0.2996282441028901
  - - 1.8440439941713678
