camera_matrix:
- - 1372.3919202676566
  - 0.0
  - 295.4067754695881
- - 0.0
  - 1369.1506605285394
  - 161.49739716313047
- - 0.0
  - 0.0
  - 1.0
distortion_coefficients:
- - -0.10739055606083454
  - 2.257888665473232
  - -0.008327472633139179
  - 0.0003953604086002577
  - -17.9021120734062
rotation_vectors:
- - - -0.04783239853764837
  - - -0.0030410762116953563
  - - 0.08120325490872395
- - - -0.04196354698608883
  - - -0.007121310533674717
  - - -0.21852677765426617
- - - -0.0656498524203464
  - - -0.032837610112384966
  - - -0.044103936931471445
- - - -0.055662734572742775
  - - -0.027980550018562957
  - - 0.3266709623244415
- - - -0.05077659780875985
  - - -0.005474738912187336
  - - -0.08938430127197057
- - - -0.07234084331569628
  - - -0.026633287239619215
  - - -0.24307678970144078
- - - -0.06668530957011404
  - - -0.2734375599276577
  - - -0.04328751956405858
- - - 0.23926560269577946
  - - -0.03997513761830397
  - - 0.044911463447081065
- - - -0.43502474437623195
  - - -0.0186660063506421
  - - 0.03531077454104121
- - - -0.058586409808683175
  - - -0.3540806259695782
  - - 0.001468400886694243
translation_vectors:
- - - -0.472025496616279
  - - -0.10843191105618129
  - - 1.84490094213414
- - - -0.4338920240335137
  - - 0.022659230838265123
  - - 1.8384322472175532
- - - -0.2627543755831837
  - - -0.1404682205495167
  - - 1.8336273375047236
- - - -0.1673108813896837
  - - -0.17998095347042928
  - - 1.835150120254777
- - - -0.41485290579520406
  - - -0.10595796595012669
  - - 1.8449738247638776
- - - -0.26540712506835085
  - - -0.11428109713696218
  - - 1.8376333684421247
- - - -0.2692069774417315
  - - -0.18209153274568904
  - - 1.6815821094037926
- - - -0.2785436437985832
  - - -0.09694693819253412
  - - 1.6898095796687989
- - - -0.2938206223688068
  - - -0.11519534188221363
  - - 1.7966289754488272
- - - -0.20313746040210204
  - - -0.11145535981298711
  - - 1.6289501349224276
