camera_matrix:
- - 3233.1427304479525
  - 0.0
  - 287.7540540080571
- - 0.0
  - 3232.497163764102
  - 274.9191237892462
- - 0.0
  - 0.0
  - 1.0
distortion_coefficients:
- - -0.0532020433279115
  - 7.163648207226224
  - 0.015286292508930578
  - 0.009189895472859385
  - 0.19503438661666306
rotation_vectors:
- - - 0.005252137168020703
  - - -0.003814686361528342
  - - 3.0360642486293465
- - - -0.05107530766713097
  - - -0.014921208760615621
  - - 2.872842851369918
- - - 0.038979893316563353
  - - 0.032022343701385216
  - - -3.069640133580944
- - - 0.015300936742206261
  - - -0.02131980844579723
  - - 3.121077244362266
- - - -0.04569574673370792
  - - -0.03875092346296858
  - - 3.134841788037209
- - - 0.0771559373412631
  - - 0.011897093621817243
  - - -3.1410651606024236
- - - -0.08242887944285641
  - - 0.04762630854560366
  - - 3.1233997239426086
- - - 0.023383939886716585
  - - 0.058109206842898914
  - - 2.9287767116851073
- - - 0.005471991198426219
  - - 0.042366010262748444
  - - 3.064167134567881
- - - 0.05038141644096912
  - - 0.002113728488566468
  - - -3.0832578920734215
translation_vectors:
- - - 0.19866177637040067
  - - 0.08978369743984788
  - - 4.2867278413982985
- - - 0.48055721076219965
  - - 0.007559718334020612
  - - 4.30254666791432
- - - 0.33701804468813035
  - - 0.1998605890538134
  - - 4.300850107160663
- - - 0.06438751988367511
  - - 0.1649584470706202
  - - 4.288434317054007
- - - 0.40062291379538056
  - - 0.1832328900530234
  - - 4.304751715501004
- - - 0.5629678260486487
  - - 0.11305508771769096
  - - 4.3109303961682635
- - - 0.5490758110210746
  - - -0.0731595774857835
  - - 4.306130900899778
- - - -0.07557461943900047
  - - -0.036743773586490475
  - - 4.277443450810384
- - - 0.1995911227020847
  - - -0.01976873310984542
  - - 4.281578427794872
- - - 0.3893521964002472
  - - 0.09041132248766136
  - - 4.3006617335028094
