camera_matrix:
- - 3538.5902562148617
  - 0.0
  - 554.6083681252625
- - 0.0
  - 3579.181562629305
  - 111.9080301378865
- - 0.0
  - 0.0
  - 1.0
distortion_coefficients:
- - -0.8677795139605519
  - 23.572185655162798
  - -0.017411007308245078
  - -0.030901144373021123
  - -432.8510259130052
rotation_vectors:
- - - -0.14664715740294068
  - - -0.03547415805464463
  - - -0.01455712875657901
- - - -0.14543381883735418
  - - -0.03856313224657119
  - - -0.025014370230505917
- - - -0.14694967903826314
  - - -0.03858096251214861
  - - -0.017188040260737426
- - - -0.14794148755103365
  - - -0.039222348825432636
  - - -0.015249704385647805
- - - -0.1492420600274088
  - - -0.041899408893379134
  - - -0.008360998764246086
- - - -0.13975385350613784
  - - -0.032381588738851635
  - - -0.03549658132431292
- - - -0.1439835804824446
  - - -0.0324328509749317
  - - -0.0016122955795809676
- - - -0.14718478355451267
  - - -0.03452721255832178
  - - -0.0069534123902947964
- - - -0.1457311691454704
  - - -0.03488685230689237
  - - -0.0011761515680992493
- - - -0.14203188236768255
  - - -0.031052374296791765
  - - -0.004084787695490292
- - - -0.14297796904313936
  - - -0.03437608682781379
  - - -0.02790556697485896
- - - -0.14448485624632862
  - - -0.03762612382979742
  - - -0.016444811977770653
- - - -0.14110441977631008
  - - -0.03631035352634435
  - - -0.001557689616161342
- - - -0.13807081378467734
  - - -0.03702138711694001
  - - 0.009909220955797495
- - - -0.1406447984316998
  - - -0.03243065344292053
  - - -0.016198831460504923
- - - -0.13958944980766086
  - - -0.03170902594822703
  - - -0.02160774736445066
- - - -0.14821208917766937
  - - -0.03289088876061247
  - - 0.05714107278093475
translation_vectors:
- - - -0.7413847389593499
  - - -0.13080652827510056
  - - 4.783918400559842
- - - -0.715683563429385
  - - -0.12990087103206138
  - - 4.783881669011775
- - - -0.6750925150773655
  - - -0.12679063370061763
  - - 4.7845789839757105
- - - -0.62018848258236
  - - -0.1215825890974908
  - - 4.785644553326573
- - - -0.5784883922444168
  - - -0.11803036840298443
  - - 4.78616483310251
- - - -0.749677635156551
  - - -0.008358030658128785
  - - 4.770120388354276
- - - -0.7253029009433536
  - - -0.044204497035961514
  - - 4.77456255108717
- - - -0.7266287925354924
  - - -0.08131511725453983
  - - 4.778082467168028
- - - -0.7361423777911582
  - - -0.11482391669028987
  - - 4.782175030310471
- - - -0.7152252373397882
  - - -0.04194892137994882
  - - 4.774516058380948
- - - -0.6820774870183013
  - - -0.03157013311222398
  - - 4.77458982906135
- - - -0.6311201779567113
  - - -0.0471564867455102
  - - 4.777487903141477
- - - -0.5857241750679597
  - - -0.02218237142406233
  - - 4.776237385880057
- - - -0.5452025038929296
  - - -0.0054806410494425434
  - - 4.774800827654785
- - - -0.7389972557363671
  - - -0.02634468469226905
  - - 4.772527991743575
- - - -0.7478539429855457
  - - -0.004593606748367889
  - - 4.7701373412898755
- - - -0.7087651912459257
  - - -0.1347131049643478
  - - 4.784452571825237
