camera_matrix:
- - 19725.263648559587
  - 0.0
  - 1390.02552194671
- - 0.0
  - 19819.610388920944
  - 885.5562513356937
- - 0.0
  - 0.0
  - 1.0
distortion_coefficients:
- - -0.7874555328745435
  - 38.9001375571971
  - -0.014728600585735442
  - 0.011046248200255158
  - 0.43529364693312683
rotation_vectors:
- - - -0.12009065703335804
  - - 0.0055023794271982914
  - - -0.0372304511767972
- - - -0.1199931287257414
  - - 0.00527168437545028
  - - 0.014160641567351194
- - - -0.11973218292129283
  - - 0.007812083674788008
  - - -0.10014089456413977
- - - -0.14191289039902544
  - - 0.00029253790072516773
  - - 0.03248157241961432
- - - -0.12847798497230734
  - - 0.003901220193226338
  - - 0.018687424857188915
- - - -0.11961069517923374
  - - 0.010626708656091713
  - - 0.030868041077864113
- - - -0.11481663482489152
  - - 0.003953514602358183
  - - -0.10181363852717301
- - - -0.13673553606382569
  - - 0.011787685825935946
  - - 0.012337117501560585
- - - -0.13527181086159634
  - - 0.0036662143393411633
  - - 0.059212518851954436
- - - -0.11506919054183998
  - - 0.010556192486038576
  - - -0.04528063868447828
- - - -0.11900404986330226
  - - -5.276376205362356e-05
  - - -0.25726011054713815
- - - -0.06526291920587234
  - - 0.03872710559939111
  - - 1.507508470647892
- - - -0.05041573251255067
  - - 0.045405499593731524
  - - 1.5760949752458506
- - - -0.02628557574820155
  - - 0.089654299416698
  - - 1.9169658623778458
translation_vectors:
- - - -0.29523727613728046
  - - -0.1360663933818834
  - - 5.285533200228453
- - - -0.33814067940676756
  - - -0.14492736951810747
  - - 5.28715099361331
- - - -0.20114987726196662
  - - -0.08706887085937906
  - - 5.282918612124017
- - - -0.14110256125585122
  - - -0.2632163323392932
  - - 5.269339895891033
- - - -0.14282745910808878
  - - -0.17769337580917877
  - - 5.270562783936525
- - - -0.1756289999803674
  - - -0.10480025617456859
  - - 5.284474469193671
- - - -0.37914825912115974
  - - 0.015553463507963272
  - - 5.276423993351679
- - - -0.30035972395946
  - - -0.18194997656549883
  - - 5.265419610010694
- - - -0.1460306084820363
  - - -0.19141689029331097
  - - 5.26275158973254
- - - -0.14655177370373967
  - - -0.03755236207399102
  - - 5.280039605273994
- - - -0.4352572862327525
  - - 0.05172487688828927
  - - 5.273733028038533
- - - 0.4466340897819363
  - - -0.3379996136606425
  - - 5.295665451985085
- - - 0.2928015418275668
  - - -0.2590481737704997
  - - 5.291848640089147
- - - 0.21656932006809265
  - - -0.1338566988659113
  - - 5.276092254804748
