camera_matrix:
- - 1703.0512787871262
  - 0.0
  - 312.83368308605594
- - 0.0
  - 1700.9148218257467
  - 133.572027309879
- - 0.0
  - 0.0
  - 1.0
distortion_coefficients:
- - -0.14862819586362688
  - 3.9944486902511036
  - -0.010548709028750996
  - -0.001724792542643611
  - -47.868069131569506
rotation_vectors:
- - - -0.07920465335387605
  - - 0.0019175912754165584
  - - 0.0037178990399095125
- - - -0.0837700891709059
  - - 0.002169304814513065
  - - -0.005500262189321833
- - - -0.08322906573854293
  - - -0.0013363851023492994
  - - -0.01334671946776695
- - - -0.08247638984085766
  - - -0.002624863292574171
  - - -0.00805747566218434
- - - -0.08243694483188561
  - - -0.0036843545275719257
  - - -0.014363193724384283
- - - -0.08228910377774072
  - - -0.0035730853173144925
  - - -0.012557442015776911
- - - -0.07975417477081424
  - - -0.004160894556485426
  - - 0.00142040510584061
- - - -0.07743626980918195
  - - -0.004370491781437108
  - - -0.00045256115266597516
- - - -0.06878740466678938
  - - -0.0047934768420071295
  - - -0.00473190914836476
- - - -0.06936582188573599
  - - -0.006225000856591429
  - - 0.002040073133117132
- - - -0.0716610857581855
  - - -0.004706336428875061
  - - 0.004720847348060098
- - - -0.07050173940864367
  - - -0.001926299407440486
  - - 0.002268427708209372
- - - -0.07049371943665377
  - - 0.00157463054473653
  - - -0.009124041562217283
- - - -0.07643596433598696
  - - 0.0027786325860158735
  - - -0.0035432664667967247
- - - -0.07842332052114379
  - - 0.0034905094748060844
  - - 0.001201704331918125
- - - -0.07805509924421407
  - - 0.0021708657254530064
  - - -0.004966022579327113
- - - -0.07965509749266819
  - - 0.002553971052827019
  - - -0.004493791647688672
translation_vectors:
- - - -0.40507968534100824
  - - -0.14392668086148364
  - - 2.2959799542338355
- - - -0.3953121163532954
  - - -0.16902256178435318
  - - 2.297934481582617
- - - -0.3373461268716512
  - - -0.16104178742626088
  - - 2.2964323399630935
- - - -0.2727433609128837
  - - -0.16358094554983338
  - - 2.295798354589686
- - - -0.22793000593062973
  - - -0.16089308434071126
  - - 2.2951405359411696
- - - -0.21076879656385256
  - - -0.161939743428958
  - - 2.2952843822913334
- - - -0.1985573999235302
  - - -0.12701824003876233
  - - 2.2926862034965354
- - - -0.21718506026968007
  - - -0.09966205124498881
  - - 2.290005848701574
- - - -0.22596559698016122
  - - -0.048303087696563274
  - - 2.2855565338842907
- - - -0.20113148475012504
  - - -0.03650386743390745
  - - 2.284900487793962
- - - -0.27996418510107923
  - - -0.03949407159067805
  - - 2.2858844225967574
- - - -0.3258113739561285
  - - -0.03558749434300644
  - - 2.286540251096121
- - - -0.4135489630738397
  - - -0.03499862628911844
  - - 2.2879051214565584
- - - -0.4122857632023725
  - - -0.08972922733013887
  - - 2.2922767807198783
- - - -0.40342310355202327
  - - -0.12559225636972532
  - - 2.2949087363245444
- - - -0.40714048053168417
  - - -0.15141860592104595
  - - 2.2961494348719467
- - - -0.4073667436817785
  - - -0.16358854022114097
  - - 2.2974641233877495
