camera_matrix:
- - 1400.888114452775
  - 0.0
  - 214.0452313545327
- - 0.0
  - 1401.826303844706
  - 302.0502554151712
- - 0.0
  - 0.0
  - 1.0
distortion_coefficients:
- - -0.05343898199343163
  - -0.3852901683825447
  - -0.01102252691638244
  - 0.010950636335001481
  - 3.1436522557337825
rotation_vectors:
- - - -0.04341909414783384
  - - -0.004553932140968112
  - - -0.09928662788353425
- - - -0.06347739284331667
  - - -0.011195707274318544
  - - 0.03359334214096647
- - - -0.05414468646688378
  - - -0.008788745471397229
  - - 0.019706441553793867
- - - -0.04438542487693771
  - - -0.004889353775948943
  - - 0.03201800772394282
- - - -0.040830538946040454
  - - -0.008708510550676037
  - - -0.1008001029877057
- - - -0.06288753130376921
  - - -0.005733813107919993
  - - 0.01329983591525981
- - - -0.06056899494448508
  - - -0.006955980063623833
  - - 0.06050850429017518
- - - -0.03992099059729057
  - - -0.004219816089549065
  - - -0.04438699179057218
- - - -0.0663814315648592
  - - -0.004765297195568844
  - - -0.028336774486349046
- - - -0.04343253332358228
  - - -0.00049500081128073
  - - 1.5077534638014856
- - - -0.03895767797388628
  - - -0.004130978404600188
  - - 1.575887178586262
- - - -0.02506580362811133
  - - 0.0014419701045221107
  - - 1.9181049321440662
translation_vectors:
- - - -0.1161578469251064
  - - -0.255670626829063
  - - 1.8850236188119938
- - - -0.056610020260055946
  - - -0.43182520952324205
  - - 1.8809303473686703
- - - -0.0581090638912008
  - - -0.34599570075421204
  - - 1.881196015338819
- - - -0.0905445048988692
  - - -0.2734051345912867
  - - 1.8851712868074644
- - - -0.29403951088759367
  - - -0.15287468413664715
  - - 1.8787302372902253
- - - -0.21593409882814077
  - - -0.35049437401524586
  - - 1.8787783324456224
- - - -0.0613892288846564
  - - -0.3596446233949509
  - - 1.8797795254294611
- - - -0.0614567072347479
  - - -0.2057497765000385
  - - 1.883656544484316
- - - -0.20659612600921434
  - - -0.3841638079551454
  - - 1.8789281919241518
- - - 0.5306434022783473
  - - -0.5054882468729636
  - - 1.893047999557622
- - - 0.3772892828088522
  - - -0.4267470837832713
  - - 1.8906572271163422
- - - 0.3014171738098784
  - - -0.301489419742392
  - - 1.8862502210384129
