camera_matrix:
- - 1825.1186613913826
  - 0.0
  - 302.3622519000285
- - 0.0
  - 1823.6830453068878
  - 283.19687472864314
- - 0.0
  - 0.0
  - 1.0
distortion_coefficients:
- - -0.07792149698954869
  - 3.1489094574110195
  - 0.008537374944019144
  - 0.005902418866111167
  - -47.170336995226975
rotation_vectors:
- - - 0.02524983079381104
  - - -0.0010331248354799396
  - - -3.079722055214563
- - - 0.03578348328630795
  - - 0.0813466194505136
  - - -3.135194172079175
- - - 0.05721345988517263
  - - 0.059700734258516824
  - - -3.089674218903985
- - - -0.08077919863232202
  - - 0.007055262743239558
  - - 3.0662833487596934
- - - -0.0669205913249149
  - - -0.04665078855971785
  - - 3.119256102885342
- - - -0.0357576800760328
  - - 0.030136652391319615
  - - 3.0375351934598895
- - - -0.03448207628401597
  - - -0.016511960634986545
  - - 3.119104097751642
- - - 0.07303651692594157
  - - -0.014856712656309622
  - - -3.0395982948872113
- - - -0.05018314478185491
  - - -0.02611632144734051
  - - 3.085315235869803
- - - 0.12512007194052552
  - - 0.010212190878674005
  - - -2.995398168565764
- - - 0.07211122101695716
  - - 0.005725526702177934
  - - -3.0231798428920644
- - - -0.04119161904541449
  - - 0.012552174618511764
  - - 2.9383016617423916
- - - 0.10611047584297391
  - - 0.015331142914706414
  - - -3.018160407462601
- - - 0.037202370408232044
  - - 0.025731730846533022
  - - -3.1156825950867137
translation_vectors:
- - - 0.13940784822450417
  - - 0.025249376516453134
  - - 2.4221044386378257
- - - 0.0025795466393969263
  - - 0.2513090984111066
  - - 2.4352380115461627
- - - 0.34159704714414163
  - - 0.23187719390920847
  - - 2.444318861140176
- - - 0.4236558760572088
  - - -0.022692002551881307
  - - 2.44004556866275
- - - 0.4281435886513177
  - - 0.19314313976821562
  - - 2.4468309456980117
- - - 0.21938235071908915
  - - -0.12352971575570926
  - - 2.4249049306340655
- - - 0.09448825593704537
  - - 0.1445004831853403
  - - 2.424653694262148
- - - 0.34079700727569157
  - - 0.027396289966465787
  - - 2.4342073910560784
- - - 0.3175184705373081
  - - 0.15330277772117012
  - - 2.4356117357337173
- - - 0.47040320924379725
  - - 0.16507282509859475
  - - 2.4528760014214113
- - - 0.3017366491042717
  - - 0.15287014824588954
  - - 2.433535550465705
- - - 0.2625581073323192
  - - -0.04403099185345059
  - - 2.4247947064617525
- - - 0.46817352373290444
  - - 0.19294643890743698
  - - 2.4512226888332886
- - - 0.21225315652799048
  - - 0.19295083728288764
  - - 2.430340883540082
