camera_matrix:
- - 1379.2068942714873
  - 0.0
  - 301.64766865806774
- - 0.0
  - 1375.8255858230357
  - 170.87913282828362
- - 0.0
  - 0.0
  - 1.0
distortion_coefficients:
- - -0.0665233319350633
  - 0.7279081003465376
  - -0.0068362439964655825
  - 0.0009734877526558943
  - -6.295891476097879
rotation_vectors:
- - - -0.03924472778140783
  - - 0.008563836630364705
  - - 0.13154706023407167
- - - -0.03664621991774007
  - - 0.005851361857587028
  - - -0.03152574932071651
- - - -0.03584304402041841
  - - 0.002437527837331433
  - - -0.07351539663764223
- - - -0.03880396164804015
  - - 0.005625980764418906
  - - -0.015726583864564617
- - - -0.044585630347027144
  - - -0.5512113780165127
  - - -0.017699428169528297
- - - -0.2070259694398841
  - - 0.012269001650329648
  - - 0.07410551577634293
- - - -0.23330537341011875
  - - 0.006995937609202992
  - - -0.0036346856010751353
- - - 0.19507932857021987
  - - 0.007408011658565139
  - - 0.032555175200763384
- - - 0.14628852411389812
  - - 0.011686120287087494
  - - -0.0400670454859639
- - - -0.40171274717650046
  - - 0.004454300693507077
  - - 0.016091891644621385
- - - -0.03590332186285663
  - - 0.006560369915295088
  - - -0.03474230307676613
- - - -0.039317981477567696
  - - 0.006590507626369399
  - - -0.038310458791325996
- - - -0.0366856243172505
  - - 0.00831673974221285
  - - 0.08405207583669924
- - - -0.036322234621882804
  - - 0.005636933325388836
  - - 0.031061834232735633
translation_vectors:
- - - -0.22313953314831023
  - - -0.23410438044030857
  - - 1.8581152750376113
- - - -0.289164051854761
  - - -0.05730258312694574
  - - 1.8530729013796594
- - - -0.15573453376360724
  - - -0.08720931871222856
  - - 1.8517270160545947
- - - -0.16922160083042206
  - - -0.23198135991135843
  - - 1.8568990052589829
- - - -0.09439689304526783
  - - -0.10547199659561768
  - - 1.5141832814164184
- - - -0.18676118514740978
  - - -0.1912612007848465
  - - 1.8402826655437834
- - - -0.41602518856183457
  - - -0.2230856928127932
  - - 1.846095459228827
- - - -0.374653095455966
  - - -0.11216612370698423
  - - 1.7486662878775032
- - - -0.10117857906439151
  - - -0.07084062336931646
  - - 1.7756562964547442
- - - -0.09302745779266991
  - - -0.15379323829316754
  - - 1.8077807522056022
- - - -0.23160561632070006
  - - -0.09150388323811286
  - - 1.853747465299612
- - - -0.39766648325319026
  - - -0.1809437558103702
  - - 1.8572100264133742
- - - -0.37445845506329867
  - - -0.11950269964395147
  - - 1.8556095062357223
- - - -0.03730522874818386
  - - -0.18782310138244848
  - - 1.854373289251807
