camera_matrix:
- - 6862.788823875531
  - 0.0
  - 1480.9781822768368
- - 0.0
  - 6848.4667601169185
  - 834.7354331140943
- - 0.0
  - 0.0
  - 1.0
distortion_coefficients:
- - -0.0844401279461422
  - 3.902442513926761
  - 4.078322055643601e-05
  - 0.002663001721907132
  - -39.533142578451795
rotation_vectors:
- - - -0.045409924138171104
  - - 0.0006923909416918925
  - - 0.0808414992757884
- - - -0.04489618684976396
  - - -0.006407511244297988
  - - -0.2184461313829749
- - - -0.06043395372325918
  - - -0.010339469685526657
  - - 0.0174641709727251
- - - -0.060690542125580685
  - - -0.030784970911047
  - - -0.044314450425853504
- - - -0.049126035328329154
  - - -0.02712060373058481
  - - 0.3262389537366148
- - - -0.04949147688575781
  - - -0.0029437783141784833
  - - -0.08914780840645059
- - - -0.07074786489880373
  - - -0.025647729690446548
  - - -0.2433310940382419
- - - -0.062125709486177946
  - - -0.27163207837580194
  - - -0.04368554378204515
- - - 0.2437968261627844
  - - -0.040623317075546936
  - - 0.04500652277609586
- - - -0.43208394360214
  - - -0.01782731628310993
  - - 0.03530513103699156
- - - -0.0541819176069054
  - - -0.35298763046154175
  - - 0.0008590903284502074
translation_vectors:
- - - -0.4726139124221883
  - - -0.11512444337742078
  - - 1.8464451811220377
- - - -0.43453980123870617
  - - 0.015917246262920473
  - - 1.8408994689218312
- - - -0.38363634689916026
  - - -0.20600060147030372
  - - 1.8475836162923511
- - - -0.263371876553653
  - - -0.14714668055903643
  - - 1.834247245827403
- - - -0.16792480411127603
  - - -0.18669153736638894
  - - 1.8351577063002014
- - - -0.41539113014681966
  - - -0.11275317309372625
  - - 1.846626833200696
- - - -0.26605946692875454
  - - -0.12091771760158286
  - - 1.838039067988962
- - - -0.26985528977069945
  - - -0.18824344777514032
  - - 1.6824041777004513
- - - -0.2790056262525404
  - - -0.10314584847426073
  - - 1.689705920140345
- - - -0.2942928943653971
  - - -0.12170764616151314
  - - 1.7972352862110723
- - - -0.20370187992299882
  - - -0.11742527089462272
  - - 1.6295852777218385
